250000
190,512
60,170
90,588
163,170
109,455
162,983
49,967
78,385
53,91
72,630
117,570
135,583
129,766
190,243
129,526
38,451
117,889
30,245
7,823
127,171
78,903
49,749
144,25
70,86
184,180
115,644
100,591
141,720
17,345
59,172
141,84
66,53
87,667
76,244
177,351
123,533
45,739
154,528
95,995
52,954
123,832
123,847
120,293
141,822
101,97
177,602
68,819
146,313
71,615
141,887
86,38
82,293
141,77
175,722
65,593
49,365
4,975
187,803
99,659
192,376
138,408
45,682
184,902
168,355
155,424
37,698
183,255
129,218
150,810
168,548
42,470
14,568
102,860
77,813
61,277
134,810
156,851
59,597
5,8
132,439
111,280
182,452
41,865
188,176
13,57
36,842
34,717
15,293
12,52
160,536
166,338
8,884
99,759
139,408
192,374
119,684
69,440
103,713
114,477
176,48
117,358
51,381
42,80
58,103
3,386
62,160
182,131
150,737
120,366
144,912
42,81
122,502
103,949
47,515
52,693
20,437
184,252
26,103
49,233
63,964
149,966
46,970
32,67
54,631
58,669
39,575
156,997
129,845
131,573
144,212
37,770
81,427
52,310
31,94
195,599
169,65
147,488
47,474
31,286
13,578
136,62
29,90
196,795
149,177
53,799
186,253
184,46
54,695
77,263
5,700
127,134
29,507
41,817
200,606
70,577
130,591
135,702
33,355
196,248
93,363
57,728
180,305
107,236
125,955
181,3
152,469
143,222
66,822
9,427
60,791
107,927
127,513
180,356
104,197
49,475
81,1000
113,704
132,82
175,276
62,21
174,787
48,218
34,430
8,939
184,439
32,56
134,336
53,671
130,671
40,938
62,200
68,36
6,39
5,392
13,463
64,556
181,323
78,365
84,396
29,548
191,366
62,673
100,991
67,905
62,139
5,434
172,689
53,363
118,462
127,756
29,681
20,209
154,451
136,40
3,428
137,239
129,33
115,814
125,191
140,55
136,584
112,583
76,60
132,599
152,77
173,607
61,57
178,968
95,535
47,258
84,151
143,664
52,586
194,424
197,409
175,674
103,945
48,9
59,507
163,379
30,802
200,242
62,888
54,495
59,954
99,148
34,772
50,571
119,484
13,177
30,832
122,245
178,394
109,526
114,833
94,471
155,556
33,1
95,73
103,42
67,11
107,99
13,750
178,209
132,484
46,506
43,940
17,511
75,381
5,89
32,632
9,717
158,568
157,105
56,797
6,47
146,781
81,52
83,624
16,39
72,864
176,461
161,743
189,629
151,773
51,729
8,687
45,460
60,849
177,72
72,224
164,393
30,789
121,348
28,331
121,917
159,817
50,877
30,644
13,48
178,917
89,78
50,998
22,429
13,229
105,645
177,24
15,276
186,333
102,408
16,1
130,853
157,812
64,747
181,397
48,817
185,597
35,316
74,885
127,890
35,673
66,150
132,990
87,821
87,46
115,440
160,83
31,647
45,138
101,375
195,968
52,459
9,559
107,221
72,273
53,296
30,938
61,67
107,42
136,576
25,192
26,441
181,295
86,335
136,216
85,841
3,549
129,261
7,755
7,205
53,127
158,344
61,423
68,228
26,114
199,667
26,235
61,52
94,425
70,685
41,917
31,380
142,87
10,815
143,152
152,145
186,892
4,314
176,378
74,503
31,180
80,129
178,679
179,880
120,843
180,592
164,506
182,46
83,183
71,647
155,578
10,817
27,639
136,677
192,180
105,148
75,679
162,601
95,994
115,173
102,851
99,260
9,667
94,409
141,941
4,84
150,563
118,397
124,777
104,931
189,686
79,368
54,11
164,680
114,818
175,402
184,514
120,610
82,372
114,934
158,942
46,146
84,189
126,984
197,455
59,497
69,820
2,840
21,816
118,936
176,869
139,352
111,961
69,897
160,359
27,27
180,446
59,930
183,151
71,374
73,686
55,938
177,465
74,140
147,491
164,136
44,943
92,300
30,931
117,394
186,394
196,15
134,229
10,541
143,419
143,902
100,813
49,378
42,740
116,433
192,982
8,818
57,416
33,996
28,735
90,232
47,264
140,94
166,233
112,659
36,777
61,578
50,84
176,857
42,733
89,34
132,730
162,133
84,967
31,162
65,546
155,23
182,603
174,762
49,122
74,131
140,52
61,228
45,690
141,880
72,870
72,528
62,931
51,803
179,942
8,368
88,50
143,871
112,308
4,842
101,119
93,557
176,837
162,429
164,354
109,715
42,179
5,547
123,973
2,570
192,920
122,347
6,213
138,445
112,848
19,630
50,275
4,345
97,344
21,706
61,856
83,551
39,833
41,773
41,286
68,903
194,838
11,269
141,374
199,124
62,559
38,220
91,209
155,636
64,295
196,96
39,176
39,80
164,980
83,374
13,293
84,27
164,42
115,209
167,918
58,215
134,289
63,251
169,175
90,981
61,878
185,774
16,283
73,469
124,147
67,289
9,342
156,778
19,701
119,134
17,785
18,110
16,346
59,20
116,157
122,649
171,639
175,940
115,202
118,711
83,604
128,144
175,942
13,358
172,940
5,901
128,74
30,606
4,477
74,282
193,275
9,249
37,845
171,814
132,824
136,649
155,179
160,181
93,840
79,614
34,34
22,975
101,534
101,461
7,327
5,240
82,123
139,444
97,433
96,116
25,27
128,188
4,985
96,335
24,112
45,493
93,373
109,514
51,176
6,889
160,844
161,629
97,360
107,31
92,905
125,606
152,268
124,862
32,931
183,549
76,359
128,74
189,834
195,715
190,420
177,134
66,987
21,335
47,602
133,263
160,874
182,866
115,408
187,791
68,299
48,577
28,24
151,461
116,776
191,474
76,259
31,823
78,406
173,181
175,111
13,941
40,983
135,264
168,560
45,480
75,379
40,777
96,139
73,385
3,650
96,528
34,353
74,729
136,157
166,555
32,333
83,625
21,894
17,475
191,72
177,327
135,979
154,579
72,415
175,464
168,449
20,653
21,250
21,24
124,444
3,280
22,169
155,506
99,853
84,76
74,236
60,422
22,740
27,781
112,31
61,54
143,130
129,3
91,376
10,719
63,27
42,136
71,372
17,310
81,874
91,675
66,387
34,658
142,372
164,121
57,733
145,137
141,561
174,702
88,636
45,860
200,399
151,397
62,624
191,719
104,267
190,734
154,695
78,680
92,58
15,741
191,574
170,799
121,197
114,803
92,425
136,688
135,377
36,22
38,400
36,788
183,882
1,502
14,366
67,239
32,320
187,232
157,36
156,440
187,904
65,247
17,753
177,172
189,29
134,429
23,306
175,994
33,630
187,296
118,819
121,981
193,540
7,835
66,101
11,95
181,332
132,657
71,781
3,551
15,936
170,167
155,383
91,977
16,955
181,114
104,367
108,254
83,9
126,70
69,624
165,754
35,405
126,679
16,611
103,878
148,372
100,58
132,881
139,402
21,906
199,677
154,436
31,564
180,519
19,622
41,137
1,552
71,657
160,588
117,437
77,996
100,155
75,323
197,865
35,480
79,346
97,803
141,930
139,225
23,373
76,413
160,573
59,44
143,505
133,750
60,544
173,582
90,724
14,376
177,553
67,83
73,152
58,248
156,838
29,564
173,595
46,301
49,81
92,558
134,745
31,300
179,969
147,544
183,142
20,925
125,289
6,955
105,467
119,741
40,449
120,916
188,784
32,989
159,571
51,631
78,613
59,725
94,764
163,493
84,309
107,616
128,497
108,267
73,523
136,531
177,493
70,95
17,310
194,623
105,604
18,931
170,774
182,638
169,474
138,968
188,146
121,10
14,220
157,938
183,801
167,548
166,654
159,456
70,423
155,761
92,273
129,589
31,498
35,916
77,139
78,235
53,808
186,260
20,992
177,795
158,557
19,912
162,858
18,921
174,93
110,284
7,5
46,856
156,796
146,3
127,78
127,482
132,432
48,934
16,612
123,666
44,908
79,559
162,842
140,283
102,849
160,923
43,973
136,179
145,235
47,670
68,970
166,531
100,890
10,845
115,616
96,437
30,156
16,479
107,124
117,10
125,46
175,58
117,421
16,9
175,214
84,188
134,734
109,296
192,590
21,907
151,760
95,247
190,376
147,763
4,702
187,8
186,161
22,149
75,4
163,980
149,290
138,761
14,824
1,215
125,867
19,260
173,679
63,547
55,947
87,523
73,492
195,13
135,782
117,429
151,434
165,522
31,707
163,578
8,560
198,963
33,804
169,906
124,280
115,869
189,93
99,330
185,773
174,696
176,544
144,754
50,821
10,994
93,549
46,682
175,813
33,764
43,235
156,19
33,733
135,995
96,65
121,29
80,92
103,967
88,84
20,62
16,793
151,867
139,787
99,386
5,167
18,590
14,568
184,242
175,295
130,177
129,33
26,458
194,748
28,951
176,189
5,460
177,665
89,142
102,611
39,484
83,952
146,26
153,904
28,134
169,777
118,488
39,557
60,886
99,749
25,982
75,260
54,56
61,36
111,105
126,279
154,168
169,484
132,240
28,803
96,250
197,699
146,886
45,67
167,308
172,451
107,162
34,410
9,842
13,437
52,77
43,829
23,507
23,103
93,155
133,470
149,726
200,800
31,918
166,227
143,848
140,629
160,445
178,695
86,461
114,240
1,378
149,900
119,808
156,108
58,801
67,804
181,145
58,237
8,878
14,720
32,587
22,873
123,929
9,240
192,91
42,591
106,263
70,6
64,46
68,817
141,745
22,438
49,811
73,593
54,260
180,199
44,761
200,710
62,13
106,97
24,713
139,428
155,271
34,499
62,278
152,886
104,248
100,897
89,196
90,373
153,34
96,538
89,940
65,473
159,475
131,130
177,776
4,686
72,385
84,108
52,518
9,405
87,56
181,308
158,687
75,317
106,593
9,150
14,515
35,265
148,174
190,292
8,562
137,272
46,417
1,568
6,541
78,489
165,298
95,469
114,125
6,819
83,222
58,260
49,312
115,218
45,585
63,982
140,584
51,196
48,714
108,391
125,203
127,343
51,770
115,419
63,998
144,921
190,164
68,385
106,240
90,450
32,333
33,635
8,435
181,115
54,484
88,647
30,693
196,19
155,385
10,18
183,811
111,859
112,526
117,459
197,657
198,305
141,836
126,728
191,903
78,223
163,854
195,72
76,979
10,675
12,811
8,57
80,986
78,257
149,285
12,947
86,384
170,258
158,661
113,369
155,994
32,780
180,908
83,219
166,101
106,829
179,834
90,698
1,756
22,522
187,904
29,110
193,764
88,158
166,273
11,417
42,366
13,599
177,461
163,641
58,794
83,2
115,466
160,639
178,577
186,836
187,513
45,105
197,315
135,346
102,178
185,754
38,9
90,288
2,842
121,437
4,674
136,828
87,740
31,872
73,631
165,603
152,195
114,518
120,787
92,591
108,387
17,510
121,930
10,924
189,199
76,77
118,750
70,951
33,613
113,137
163,33
72,385
172,326
198,598
191,866
197,90
51,799
77,688
52,674
79,379
75,403
17,434
51,448
62,269
107,656
86,308
107,848
62,198
154,222
112,908
18,797
19,893
3,858
99,738
93,601
94,387
106,643
51,35
109,30
22,909
176,167
88,641
122,651
130,752
183,44
161,648
116,524
65,772
15,319
166,11
187,679
79,177
9,136
49,311
138,634
37,947
107,112
191,223
91,26
125,689
63,941
38,176
18,863
153,674
137,119
7,964
85,934
113,130
68,356
59,428
117,960
39,802
161,656
19,195
130,803
83,59
51,437
53,817
116,86
92,671
121,414
165,560
148,498
46,41
38,361
81,315
152,609
120,387
97,948
159,188
45,981
103,476
154,847
132,597
196,513
185,695
19,842
163,441
141,708
1,542
102,838
20,509
22,641
80,144
67,998
174,946
116,186
196,492
44,253
114,768
133,395
93,38
186,179
88,341
152,306
98,769
48,447
98,625
65,296
186,559
185,4
136,251
105,837
28,739
155,770
99,566
108,610
31,333
179,419
48,939
196,821
159,95
64,737
137,27
112,56
96,938
170,23
147,440
116,887
73,62
192,408
81,899
57,530
58,887
57,415
78,360
17,485
93,182
139,93
84,466
172,537
144,456
158,345
179,225
121,705
51,772
11,174
149,609
184,871
190,606
176,53
50,380
150,852
151,320
32,554
100,842
78,232
188,274
25,764
100,763
143,955
190,203
18,82
38,535
119,410
52,770
128,144
139,282
156,839
28,792
22,33
115,980
26,178
12,103
28,25
187,508
109,699
38,621
152,61
83,1
167,444
134,561
25,674
167,662
74,341
61,503
96,78
73,951
48,685
13,312
39,866
89,842
21,107
147,57
136,878
87,756
123,765
115,518
77,387
78,221
164,112
41,283
45,291
118,978
90,314
146,895
52,233
177,128
71,887
137,195
29,748
26,40
157,45
33,859
85,453
130,311
2,311
144,783
168,999
138,241
78,294
61,517
89,785
88,501
141,106
184,583
127,115
69,729
71,474
167,288
166,966
159,200
180,35
98,543
194,684
149,985
113,802
198,804
107,551
191,494
158,490
135,730
52,787
80,70
129,379
164,439
115,298
194,467
136,801
46,49
3,981
75,644
143,364
175,582
101,733
22,479
60,242
136,237
193,111
65,93
177,175
36,365
182,806
134,375
43,882
21,498
12,869
153,997
14,188
153,627
22,114
144,468
10,413
70,786
185,394
66,966
126,995
89,446
138,772
38,590
66,598
98,589
200,24
86,512
32,635
54,231
69,774
18,680
64,841
80,918
159,917
90,38
123,344
122,300
147,745
146,397
106,391
66,592
88,339
4,177
106,335
12,655
129,563
108,178
84,935
1,554
176,723
29,608
83,471
28,370
150,11
78,419
111,68
63,893
129,988
168,288
20,44
69,269
75,947
46,696
176,389
196,281
103,602
22,229
56,402
188,779
27,697
74,748
199,353
70,602
65,803
21,589
128,734
64,316
105,12
1,881
154,414
56,397
128,642
11,204
46,547
62,176
187,97
68,146
98,429
168,782
100,886
6,421
143,479
133,138
33,932
4,395
114,556
133,759
128,351
190,38
162,733
23,371
116,491
61,883
8,724
17,204
139,941
190,909
120,677
110,984
133,888
30,439
12,760
26,942
105,714
63,9
63,807
166,45
146,650
131,930
117,789
186,172
50,366
88,768
171,7
19,377
64,850
25,501
26,635
117,214
91,786
171,263
181,666
174,25
155,30
177,60
132,674
100,299
122,40
145,818
19,690
138,359
145,656
196,83
125,13
50,427
101,65
86,982
6,556
132,692
190,1
116,591
44,395
103,661
1,17
104,479
4,292
189,536
45,519
13,751
190,627
143,118
187,514
7,425
11,963
62,584
197,96
67,539
114,95
133,57
24,557
81,32
161,940
162,365
118,410
128,295
52,850
191,150
170,152
192,192
155,841
186,904
173,348
184,814
191,176
148,628
28,495
130,434
194,891
68,906
74,867
95,896
17,390
86,580
99,554
91,525
19,241
165,740
80,772
78,532
14,52
85,87
107,142
38,915
118,329
136,864
145,88
5,189
169,40
114,133
114,950
59,892
181,690
35,932
26,209
165,15
40,825
6,486
166,150
199,261
127,542
96,421
187,41
156,551
195,134
164,877
107,247
108,510
188,950
163,802
134,45
80,645
144,917
65,932
158,908
137,11
11,962
6,953
72,841
116,990
114,763
71,439
184,383
82,966
79,783
114,629
116,634
120,151
35,189
135,754
138,222
191,881
20,431
78,996
16,6
104,418
53,244
41,49
195,70
16,32
74,59
31,464
190,447
162,979
135,233
6,9
93,667
35,226
137,779
32,898
60,518
114,750
42,749
51,202
140,543
182,183
34,524
170,257
78,510
43,399
157,595
58,811
138,314
40,671
198,344
190,614
151,360
20,309
137,565
185,511
58,2
20,923
56,249
27,59
35,27
145,947
170,819
72,685
200,188
92,47
184,585
149,369
58,199
159,704
91,714
150,365
30,107
9,81
78,708
192,467
76,879
8,119
191,860
62,710
129,71
137,562
118,863
3,861
20,599
161,873
197,73
95,626
127,34
92,26
52,867
14,335
34,452
64,9
188,54
153,298
155,984
52,546
176,430
137,646
140,245
75,524
6,391
141,377
5,243
39,728
6,984
109,857
18,401
80,510
116,634
106,682
38,485
200,333
55,839
117,279
32,799
113,236
166,640
151,793
143,906
12,570
89,800
94,752
152,744
85,609
176,287
4,587
93,158
48,115
127,416
164,428
126,533
43,704
49,730
153,546
177,652
115,168
168,788
188,399
72,901
140,589
174,325
154,393
22,79
153,351
88,345
191,360
99,599
19,726
187,106
26,403
81,544
92,469
119,631
194,886
40,734
15,799
18,507
136,911
182,362
44,214
86,126
36,102
140,76
72,664
27,224
105,800
77,305
10,590
136,808
50,505
20,474
51,77
50,358
76,803
87,830
1,712
113,917
54,144
24,216
162,917
180,167
169,125
165,81
68,995
148,715
182,785
42,302
147,943
118,847
154,592
123,663
133,647
159,442
35,452
69,485
138,696
139,387
40,590
179,857
200,727
81,691
123,942
171,491
29,171
181,655
154,219
115,262
183,604
133,297
179,422
46,14
135,751
13,627
103,913
159,533
181,809
84,19
76,250
178,21
188,146
166,95
64,929
185,439
173,175
82,222
11,725
32,854
76,849
153,470
134,901
151,663
99,108
170,201
177,503
107,330
91,981
84,614
47,469
188,164
27,16
171,108
17,308
119,126
84,24
21,744
28,32
26,930
43,200
117,190
199,330
101,808
124,951
47,28
114,581
55,931
72,549
107,602
194,600
65,582
76,707
97,976
134,409
71,177
197,591
69,491
78,53
18,475
181,714
49,225
16,828
193,685
87,254
12,119
29,612
31,524
104,177
66,594
12,420
82,489
12,772
171,240
25,992
10,1
50,452
100,357
185,161
134,352
159,595
92,453
198,234
196,279
18,579
70,871
142,790
82,118
173,733
159,187
48,205
162,174
83,156
17,828
55,100
177,813
123,520
109,267
197,284
64,321
140,35
42,813
54,586
115,27
88,860
158,716
112,183
79,744
21,858
17,893
167,665
117,993
174,541
33,323
176,578
157,708
109,793
11,185
4,544
138,565
117,141
21,964
45,469
144,142
112,700
23,386
3,907
124,303
132,100
150,697
60,395
78,738
45,585
19,813
20,937
111,38
95,806
66,694
22,358
186,157
37,198
3,609
154,573
44,319
175,899
23,140
191,948
106,359
101,956
81,536
22,825
182,540
167,566
93,160
75,338
87,882
24,438
154,15
24,691
197,940
35,868
17,905
175,233
29,720
179,103
110,545
61,759
178,913
123,165
154,513
31,603
47,63
107,210
129,602
86,712
93,613
36,280
161,283
31,95
155,531
195,17
103,474
111,449
133,22
17,517
38,638
60,240
77,598
18,910
59,432
198,424
184,450
92,603
81,403
112,318
173,739
194,869
200,633
162,827
101,398
179,979
11,210
78,811
114,195
26,247
178,125
31,667
172,720
145,879
96,800
87,472
105,581
85,527
102,785
60,408
80,687
102,817
36,57
81,104
172,629
62,600
78,898
27,899
37,429
183,449
11,307
169,600
105,854
37,659
72,161
165,608
138,183
160,765
146,293
82,390
185,317
118,207
3,167
147,572
107,918
20,935
140,420
147,170
142,592
84,222
53,320
136,237
51,949
155,320
21,945
155,762
121,776
66,361
79,994
88,154
71,537
192,721
57,938
106,220
36,112
181,268
17,356
149,177
18,232
104,935
5,916
46,112
164,788
1,127
5,177
43,217
53,280
80,161
197,991
111,880
108,351
82,248
83,932
136,794
102,408
27,693
51,414
66,55
155,993
93,474
134,533
99,577
148,725
54,571
39,105
15,232
126,454
155,621
129,561
130,457
188,575
129,286
81,374
13,198
113,556
48,39
69,355
84,960
110,946
44,907
61,670
144,763
76,435
54,838
9,482
62,793
59,211
110,871
83,635
174,382
1,400
171,638
118,38
106,958
126,589
198,35
11,934
22,972
90,962
67,857
179,839
24,465
45,732
48,208
29,563
187,224
78,839
110,343
144,259
141,57
60,245
27,506
67,865
87,272
49,892
189,341
158,887
180,981
51,972
179,216
176,615
191,987
136,571
131,269
120,29
45,361
151,914
36,689
146,977
107,977
86,932
95,687
108,729
190,444
168,479
152,816
14,463
79,573
160,315
119,299
48,563
159,381
85,619
50,826
3,195
56,86
57,316
125,732
12,667
196,312
13,935
122,359
56,642
38,584
174,39
94,506
195,398
159,933
44,54
27,612
177,705
176,840
20,1
157,976
96,18
108,280
68,679
170,384
170,751
80,913
59,787
84,785
123,914
111,320
163,306
200,497
164,491
100,787
87,193
159,133
2,747
184,123
173,411
98,614
93,881
100,882
3,963
195,298
169,668
198,451
74,380
104,461
188,416
107,309
175,452
173,608
3,323
35,366
93,410
116,999
37,503
16,971
180,191
7,18
6,435
100,787
24,16
80,714
86,445
174,832
36,943
27,446
184,563
126,181
13,967
3,596
20,863
134,629
103,315
121,265
38,279
184,80
33,113
153,269
77,316
64,252
180,323
101,548
85,849
46,968
118,235
177,372
195,982
16,600
41,924
110,357
14,911
58,924
123,975
31,623
184,321
198,562
83,923
76,970
181,719
28,704
129,878
12,829
55,543
4,509
77,109
59,138
33,139
159,962
123,999
133,24
79,310
82,665
156,977
6,124
28,431
114,29
2,653
165,332
141,970
102,34
107,211
87,910
162,428
183,200
197,99
45,224
181,807
59,854
88,888
13,513
38,290
22,763
195,26
176,790
121,145
74,529
109,646
27,146
83,296
178,624
113,416
27,786
81,20
145,488
32,524
58,774
34,326
160,399
71,810
28,718
74,653
182,787
12,784
187,432
13,235
85,831
14,904
2,348
151,954
66,246
88,633
200,955
148,606
45,732
32,985
1,124
141,232
24,386
76,627
89,293
26,12
61,523
6,457
15,408
50,581
78,986
55,228
138,937
90,214
73,967
55,804
50,557
126,339
165,703
155,614
116,63
61,587
182,359
33,149
49,614
7,373
166,245
199,130
200,748
40,675
21,866
159,965
9,448
58,357
92,182
19,25
110,336
101,441
54,532
30,107
193,835
23,479
178,24
8,972
74,643
158,816
136,21
171,916
33,254
65,286
75,683
57,51
170,890
51,815
64,76
12,757
153,343
129,352
98,303
78,266
1,67
149,121
43,754
200,279
129,705
61,532
39,832
146,90
72,280
31,391
121,804
101,590
92,221
130,376
165,799
45,644
184,973
37,941
189,401
80,509
71,372
102,135
65,40
90,779
122,295
66,649
156,937
59,53
112,238
111,300
54,256
178,735
44,925
146,414
87,587
129,496
60,326
190,985
4,981
126,143
112,533
54,21
36,59
67,372
3,55
55,487
127,56
152,683
198,103
86,629
181,987
9,632
104,332
11,485
124,848
140,577
164,779
131,468
129,875
64,483
137,325
49,530
104,844
76,700
180,954
181,167
59,919
67,798
149,180
107,13
100,419
110,931
195,244
191,367
148,513
88,162
24,717
141,27
4,879
153,366
150,626
100,868
53,921
82,143
35,715
172,300
124,865
86,262
167,530
146,27
6,428
77,476
109,326
169,522
88,453
108,729
77,810
19,892
58,742
35,736
52,117
196,102
95,733
53,626
176,77
116,64
93,297
159,895
181,581
98,487
147,716
121,385
58,960
91,758
12,412
104,284
52,151
189,332
163,527
67,375
160,909
52,396
81,167
29,207
108,315
41,814
192,381
178,464
37,529
72,40
82,335
124,662
87,914
185,409
75,6
164,739
71,632
96,693
137,308
23,963
181,192
176,594
84,898
94,636
193,750
179,964
57,680
57,714
31,676
59,126
151,796
174,715
148,867
134,519
11,976
87,847
187,781
197,600
76,173
52,711
80,14
88,642
49,325
93,63
165,576
116,649
100,116
8,987
3,512
15,268
197,429
178,120
1,765
75,235
93,958
121,757
174,925
5,44
92,48
38,613
84,152
35,387
145,568
42,714
63,270
56,343
108,14
141,568
45,298
67,333
73,179
107,680
179,361
131,507
199,720
164,388
95,29
120,594
57,578
76,955
20,434
194,453
171,268
155,326
174,909
180,665
115,675
65,141
29,557
176,844
114,537
174,86
101,732
100,462
102,37
56,475
111,531
101,662
29,332
189,297
191,757
148,895
166,980
56,201
84,937
118,950
178,36
110,347
125,724
172,599
85,933
118,976
65,624
64,23
118,613
103,73
7,100
49,982
198,774
32,746
139,128
177,247
76,450
161,282
34,734
99,968
65,637
63,719
2,65
35,680
146,650
116,550
17,69
79,124
139,642
101,669
11,460
133,634
24,462
85,925
116,798
152,676
192,327
51,663
161,984
51,839
190,470
170,579
124,322
179,171
79,226
126,744
68,929
35,811
47,556
123,401
167,514
38,919
158,781
155,257
82,291
30,391
169,894
85,40
48,83
10,391
107,46
163,309
79,354
136,822
108,438
68,901
20,837
104,586
32,493
17,182
144,946
106,772
69,246
84,187
181,259
64,804
168,153
95,239
44,334
110,766
61,908
96,699
102,961
74,339
150,741
135,6
191,869
172,939
16,523
70,108
25,753
105,592
5,62
155,361
188,322
30,791
40,327
141,437
137,452
172,712
61,865
27,612
89,753
145,497
33,295
114,761
104,1
108,406
169,180
63,209
70,816
128,937
94,914
167,611
62,489
154,367
46,465
66,68
190,134
32,536
104,128
35,367
122,246
196,920
164,471
133,101
174,949
129,301
187,572
118,178
140,704
9,562
100,406
188,382
186,460
173,551
90,553
51,953
181,966
6,479
65,545
176,403
1,957
179,132
188,47
11,610
96,227
22,624
37,874
94,909
200,206
21,272
124,847
38,136
11,645
98,723
61,770
134,816
98,651
31,981
97,857
9,248
183,589
166,22
74,352
111,822
120,17
139,571
16,582
84,523
18,637
14,389
123,100
38,707
91,596
173,709
175,382
116,645
162,888
85,631
172,609
6,774
6,128
197,929
9,769
90,704
170,430
58,214
172,60
79,706
17,411
188,809
193,458
125,974
39,868
161,209
78,149
43,914
154,611
101,615
15,712
156,249
40,385
155,102
77,184
8,1
64,547
190,926
62,48
47,484
131,129
125,407
38,789
122,315
191,455
182,549
76,505
46,906
7,7
32,790
133,783
33,709
82,663
197,679
140,796
24,607
159,865
141,652
62,920
195,992
172,162
83,88
195,972
16,859
91,414
163,192
100,495
198,434
115,513
51,750
21,762
80,843
4,336
97,88
180,289
73,292
82,452
157,720
83,26
164,836
101,210
157,575
196,356
20,157
132,433
182,713
197,834
48,459
183,107
9,835
195,47
80,511
23,122
200,858
113,355
182,994
137,608
111,389
157,410
66,394
92,981
11,598
3,399
178,193
82,550
130,446
52,452
35,554
33,159
97,185
113,183
186,19
112,676
192,926
20,445
63,354
187,889
194,442
45,951
105,71
138,629
157,177
104,727
5,316
148,672
134,888
59,188
28,686
90,633
34,148
104,759
20,162
12,231
84,386
126,214
43,818
60,454
42,515
28,504
120,694
155,590
192,236
93,417
106,637
2,943
119,149
131,104
162,683
44,599
51,809
72,952
96,719
93,824
133,400
176,85
77,629
138,231
27,855
144,303
151,124
71,918
92,857
175,731
81,225
89,518
125,879
48,855
130,314
140,652
164,491
77,508
6,190
153,494
60,483
136,385
52,664
142,473
136,370
137,228
198,855
125,522
196,45
80,846
86,62
106,31
2,392
144,572
152,761
127,453
34,668
85,970
132,385
69,595
141,230
47,919
88,894
23,232
173,212
18,17
147,880
53,14
110,481
71,887
115,429
169,373
28,516
11,225
183,372
154,391
151,406
162,827
97,426
38,20
98,407
102,482
108,988
191,428
124,208
163,209
37,69
184,323
133,446
88,669
184,66
137,483
185,591
37,74
31,22
41,350
98,673
160,350
90,515
62,335
166,983
125,373
146,941
98,329
88,584
100,491
63,9
154,946
119,961
2,659
102,680
29,345
30,58
6,348
170,725
77,596
182,900
96,124
12,341
97,530
60,10
50,522
136,374
13,184
169,767
5,643
113,521
50,340
126,620
54,33
18,475
94,255
84,315
143,881
155,932
40,799
170,695
107,677
44,128
46,658
125,120
94,984
159,711
113,951
33,146
90,378
172,963
126,445
49,938
196,764
120,632
138,120
185,250
71,417
38,225
139,703
170,992
84,886
91,262
168,539
185,537
80,249
97,457
14,559
174,256
33,993
199,759
200,118
152,194
52,890
80,588
111,265
34,541
198,346
167,647
21,467
118,64
176,333
180,922
113,433
112,488
22,997
36,821
108,985
19,150
200,593
131,654
126,842
40,515
58,156
154,12
36,535
51,893
111,606
76,515
112,62
126,40
199,447
35,396
1,776
148,927
152,156
17,222
67,533
92,828
141,451
141,83
199,840
21,284
159,895
156,771
67,896
24,446
27,519
130,122
165,919
93,130
96,496
183,465
77,58
135,543
152,784
32,306
117,783
105,44
26,870
173,844
103,785
53,832
120,565
115,574
188,327
12,163
39,745
90,405
16,289
134,849
163,502
74,238
117,313
38,761
75,353
196,986
93,698
8,845
158,993
12,868
130,332
81,167
180,557
138,368
32,493
29,208
160,73
199,136
136,753
25,130
151,404
126,467
37,13
55,871
21,897
21,681
128,878
92,685
140,570
46,594
144,471
36,688
78,581
9,267
122,720
153,257
106,544
44,623
107,385
54,268
140,22
197,629
196,315
49,970
169,354
167,652
125,642
90,472
107,487
101,605
138,827
60,567
55,538
42,291
123,709
67,938
122,345
104,235
122,239
49,991
55,270
172,152
62,461
168,895
52,67
153,965
177,191
166,877
188,437
33,964
104,906
124,915
37,478
198,858
60,851
99,977
159,74
168,743
173,99
20,466
31,426
148,208
46,797
129,241
111,170
152,784
181,132
154,682
115,137
118,207
121,429
60,770
68,982
198,684
18,2
142,232
27,134
39,781
64,381
80,518
193,340
71,143
148,709
146,253
5,350
113,866
32,828
105,567
101,659
161,407
187,602
4,269
11,883
28,507
56,454
34,360
19,650
155,903
128,884
143,71
157,430
199,505
164,663
110,1
158,324
44,371
164,635
110,195
180,721
17,973
55,102
180,616
175,232
197,581
136,292
27,533
108,645
93,216
200,684
43,39
143,272
74,526
150,905
50,382
185,823
101,192
83,691
196,425
153,394
11,118
177,388
112,493
198,83
175,399
99,637
79,878
44,349
150,418
156,48
58,929
72,766
168,311
115,843
134,302
15,868
193,959
174,574
114,562
102,323
104,29
134,372
6,558
49,413
8,277
57,305
35,288
166,335
121,270
30,389
29,562
62,368
58,893
162,778
77,892
67,917
158,450
144,251
173,811
131,603
76,493
40,3
187,903
18,249
69,730
16,754
142,701
28,75
130,617
29,88
117,744
164,374
165,70
69,682
124,973
57,538
158,221
133,293
25,808
166,298
95,661
131,609
127,50
83,651
147,340
174,844
60,85
148,912
185,331
119,651
43,452
64,651
131,79
22,488
108,66
8,786
184,29
121,997
46,284
97,949
188,396
83,129
162,579
175,331
13,455
39,550
45,18
51,49
189,651
151,471
88,110
45,72
31,308
113,20
192,960
18,452
111,219
26,173
42,715
136,973
180,953
174,376
10,710
200,602
64,162
41,616
91,308
76,197
111,78
97,106
63,783
144,913
42,241
103,991
168,654
99,315
193,472
37,935
176,306
40,158
11,17
82,749
166,693
21,220
183,858
75,245
11,566
91,169
111,412
131,29
41,619
79,372
165,121
135,289
38,769
196,406
3,679
121,63
127,6
60,735
38,346
21,753
59,712
187,524
45,72
22,825
197,635
69,404
28,820
71,635
146,784
182,223
183,689
18,165
78,64
125,146
73,266
127,210
121,323
161,284
171,15
21,294
70,770
188,697
44,588
198,683
95,451
140,186
184,868
151,445
86,288
181,525
29,67
94,209
116,439
163,695
169,706
46,280
74,392
76,391
121,648
181,98
178,576
26,797
20,569
86,497
81,374
130,762
115,796
42,58
7,201
58,446
83,108
67,22
84,315
71,908
58,967
91,458
96,572
170,790
8,826
197,228
173,420
38,614
49,454
51,807
148,297
22,120
38,803
120,6
67,639
54,173
170,487
70,568
13,507
146,175
21,872
119,295
156,973
68,775
136,926
103,683
2,192
27,447
59,479
21,302
189,445
43,788
167,578
16,331
39,677
133,785
38,80
155,493
189,932
20,595
48,385
36,553
19,173
181,244
182,424
71,494
138,958
99,802
20,34
141,262
59,245
39,294
7,443
138,452
56,815
36,472
140,741
75,312
123,892
91,924
31,777
156,714
130,90
117,265
43,402
36,36
149,119
11,137
143,164
109,763
183,396
91,488
112,127
199,643
173,280
140,617
88,321
6,638
73,32
153,287
124,223
88,200
44,670
103,792
145,753
188,961
136,430
175,764
185,717
79,182
142,782
180,366
23,463
157,382
184,718
46,418
73,681
25,791
187,85
120,550
78,330
185,557
129,198
182,617
153,399
133,840
82,327
160,952
26,876
178,28
150,381
101,65
149,588
89,462
87,833
129,177
138,415
73,132
35,501
104,829
171,635
90,291
178,33
40,262
197,576
166,751
130,10
20,598
39,263
180,888
128,46
33,470
161,52
91,726
62,223
4,644
105,182
199,227
197,606
132,715
29,490
147,143
13,420
169,919
110,890
146,15
169,646
176,502
184,924
154,298
147,361
120,525
197,390
113,965
153,934
4,788
158,327
110,256
121,288
24,368
41,154
12,204
60,220
154,371
112,134
62,865
198,610
21,371
194,492
148,231
10,734
11,238
29,853
20,481
45,317
29,764
29,53
6,679
198,297
130,134
75,956
60,398
98,906
78,875
115,655
87,56
152,965
76,849
21,846
128,954
81,539
181,990
107,636
16,744
192,346
126,958
150,594
16,856
104,84
192,705
40,190
116,782
177,325
177,846
77,46
174,947
111,675
106,291
26,879
72,146
76,743
130,292
61,899
188,554
180,707
134,542
45,717
8,121
194,394
121,177
84,133
84,686
189,277
4,818
192,273
94,440
39,41
122,148
21,552
104,651
117,253
64,187
1,366
14,1000
11,575
63,201
39,942
144,909
99,702
74,825
24,736
180,834
26,332
146,768
59,913
36,986
102,21
114,305
53,517
54,838
177,962
62,99
62,568
13,694
13,469
64,348
174,297
134,860
29,948
33,359
17,440
82,155
187,14
183,593
174,281
14,732
30,249
65,51
80,488
134,924
181,727
67,206
15,441
118,744
132,219
49,685
108,613
70,944
172,113
138,997
155,623
158,679
152,601
72,644
130,142
151,768
8,533
14,181
163,481
100,781
33,673
128,964
128,463
93,981
106,68
43,297
40,605
162,398
97,506
141,67
70,857
13,583
194,380
65,132
176,438
189,148
114,669
104,235
109,355
198,61
124,928
39,731
81,327
86,586
182,893
107,809
161,371
185,885
104,63
164,947
124,20
59,138
3,901
70,907
57,784
139,152
115,524
51,885
134,360
112,689
33,153
161,630
142,262
71,373
29,740
13,175
130,656
38,481
37,246
122,302
51,414
95,233
39,982
79,824
153,360
146,775
40,951
29,796
68,244
85,819
161,603
183,42
178,140
162,416
108,422
131,699
148,146
79,586
60,539
113,720
74,28
152,641
96,266
147,159
72,914
8,681
36,554
2,215
45,330
67,231
151,985
136,126
25,141
84,321
177,597
74,362
27,633
84,330
54,668
148,162
101,296
173,328
79,45
151,869
138,707
173,758
105,103
112,900
52,234
99,893
163,38
103,233
72,372
16,614
23,199
180,916
84,563
36,959
26,172
129,722
83,225
50,163
76,309
165,805
196,262
159,882
189,676
5,673
106,773
53,674
181,672
82,476
23,779
79,74
24,716
175,19
107,241
142,994
199,653
173,828
189,771
166,500
107,194
74,173
90,839
54,325
55,746
134,831
88,980
76,119
43,641
42,610
137,39
96,100
147,369
68,916
85,161
45,244
187,760
22,135
159,129
184,100
159,279
137,649
145,473
167,5
144,265
69,184
26,239
96,80
123,869
125,141
174,155
89,434
41,237
137,359
57,824
154,465
27,396
138,600
36,966
37,156
55,55
87,368
51,396
195,823
38,429
141,557
43,480
161,292
95,814
20,25
148,860
43,631
90,144
133,463
20,800
123,64
112,267
79,967
16,403
52,26
68,234
40,600
107,419
121,85
154,504
33,662
112,194
41,596
197,770
149,174
107,914
88,996
72,954
22,498
69,873
92,450
86,710
172,705
134,209
43,229
61,504
10,295
182,676
154,69
188,284
49,164
190,805
38,510
107,599
87,107
95,129
11,561
169,50
26,621
105,710
173,456
129,998
19,865
49,59
195,84
84,697
35,506
115,94
27,968
96,673
27,30
193,810
14,489
41,995
39,319
20,8
30,824
85,687
29,846
200,261
49,89
50,658
25,1
131,15
7,533
110,792
144,386
6,677
42,730
32,667
64,160
140,534
22,281
11,158
47,315
95,982
169,422
139,528
51,928
177,147
65,556
122,267
142,747
122,959
156,794
141,926
86,346
120,725
166,534
146,903
99,141
86,524
66,316
182,365
130,417
163,274
129,607
171,977
41,775
56,892
90,335
195,735
1,103
6,137
72,76
100,661
147,17
50,752
173,95
14,737
156,342
29,869
72,5
65,759
176,208
174,463
120,733
136,168
95,728
20,587
77,472
23,130
199,575
4,103
89,139
95,694
55,796
189,746
166,749
81,282
128,582
188,80
189,72
19,800
106,570
17,246
11,64
150,659
164,486
64,877
78,276
5,865
168,547
50,683
146,244
99,29
58,469
138,471
189,673
199,426
104,192
29,81
80,327
87,271
182,729
112,771
5,638
122,934
129,786
160,117
10,162
136,618
88,480
14,929
20,125
30,893
52,678
165,313
11,245
39,229
181,840
106,859
129,722
113,226
125,586
163,899
99,677
128,559
170,633
177,114
53,953
190,736
197,426
131,273
190,41
133,62
101,325
52,60
15,631
109,797
129,397
23,283
79,558
170,404
108,720
23,605
121,564
19,749
158,285
149,498
52,53
96,675
124,359
6,896
90,674
161,248
11,498
164,118
16,642
27,310
15,903
129,248
111,599
100,851
117,850
16,40
131,13
158,447
85,800
192,685
108,512
114,8
57,13
138,138
151,540
142,257
120,535
196,351
172,193
14,61
161,105
169,709
62,204
83,896
38,859
96,77
33,573
85,160
60,465
23,245
165,738
29,869
182,751
198,68
123,988
70,717
127,74
46,736
106,374
83,958
183,826
66,867
106,953
57,268
175,113
47,710
115,125
189,565
165,645
187,593
27,99
152,130
185,751
78,884
151,852
105,150
122,25
171,861
126,470
180,646
8,418
106,307
162,477
146,958
145,979
87,102
40,624
96,311
137,792
169,196
95,397
83,145
38,251
10,560
16,74
199,279
28,808
34,977
166,578
77,330
118,616
27,58
29,154
89,254
157,549
22,191
3,390
132,625
37,781
30,446
160,449
160,286
115,819
23,120
62,110
20,647
40,174
149,155
40,667
146,506
186,744
32,502
125,539
75,510
141,67
18,90
76,384
157,466
196,174
51,532
199,814
99,243
200,265
143,550
151,241
182,871
188,225
191,893
187,290
81,504
162,154
4,430
65,723
183,286
132,302
199,756
187,45
147,717
187,92
168,809
47,813
1,31
101,419
82,867
151,62
171,188
22,536
153,650
170,416
85,654
55,572
70,829
24,609
50,635
136,380
131,402
198,716
196,115
61,131
108,236
147,616
194,238
11,884
95,200
107,496
147,848
102,466
71,460
94,450
63,128
195,634
39,987
199,956
129,19
119,164
99,151
179,833
142,365
176,983
131,190
98,462
13,587
194,259
169,362
57,533
113,909
149,128
169,847
9,758
24,617
38,293
2,992
118,991
91,569
114,889
114,779
166,599
13,350
185,818
162,349
12,663
6,335
76,186
94,316
164,379
191,741
10,51
129,325
27,319
85,670
152,687
84,790
183,980
22,934
194,157
10,321
112,655
86,971
151,222
176,676
2,513
67,35
199,883
194,163
113,168
123,998
8,97
176,276
174,452
190,667
118,519
2,105
162,420
109,550
58,171
129,417
170,15
169,525
103,64
24,377
14,882
92,344
184,494
82,32
171,232
27,973
34,433
144,697
118,692
105,474
70,19
21,785
99,99
193,899
12,885
15,590
159,511
188,436
27,992
185,692
71,650
121,337
194,199
60,138
199,105
41,619
94,699
112,397
113,107
132,430
160,40
20,49
31,944
83,319
57,578
69,359
7,517
129,434
77,74
20,1
29,439
186,963
145,789
75,181
161,387
93,923
81,388
99,656
131,635
9,349
39,675
83,300
194,179
33,193
35,807
174,599
187,255
151,842
120,591
110,311
184,399
121,300
116,403
28,273
191,182
53,209
50,960
85,439
107,395
200,349
30,667
195,980
95,53
174,914
135,598
112,581
32,414
9,939
134,426
86,516
177,141
82,61
10,991
149,433
126,220
140,801
102,657
58,695
156,990
98,712
19,747
186,923
102,663
60,569
142,134
14,380
184,608
58,920
29,744
42,383
189,731
51,966
101,718
89,925
169,510
137,26
54,388
32,386
35,560
94,706
188,25
75,362
136,400
165,439
162,763
140,386
25,672
29,120
28,166
148,377
53,760
17,155
42,599
108,783
162,89
185,726
18,92
36,750
11,227
184,220
39,508
174,937
195,435
197,509
85,263
73,872
185,171
8,777
63,756
143,434
196,890
183,765
41,778
119,462
119,754
140,498
149,281
164,296
19,414
147,485
29,197
19,876
166,763
143,253
170,252
93,558
69,961
15,378
13,259
35,567
8,283
146,269
30,8
84,13
90,834
196,45
105,347
69,258
69,500
63,845
21,342
146,273
169,223
82,734
196,288
131,740
157,800
162,961
67,484
42,348
150,372
197,511
26,622
197,143
75,153
134,493
176,272
114,870
180,227
137,766
127,210
62,601
91,312
162,801
149,978
20,136
137,690
75,267
24,780
60,856
84,783
138,618
87,602
34,784
12,760
144,486
88,189
156,814
194,697
8,361
27,435
40,674
111,957
75,445
54,426
120,436
38,199
95,312
124,267
175,689
125,970
110,579
20,394
8,503
44,831
95,138
12,29
14,979
57,219
85,424
63,912
136,449
84,77
155,933
103,707
139,327
98,165
150,222
74,199
123,335
194,573
60,959
197,598
23,234
74,806
132,28
36,948
146,872
96,78
38,598
191,800
71,887
28,259
179,382
48,869
183,609
35,96
15,634
51,786
62,29
152,636
15,5
186,125
28,898
80,906
165,628
57,491
4,191
133,8
142,166
101,627
95,78
28,625
34,198
3,588
126,29
146,382
26,862
13,476
35,444
162,892
159,317
51,944
89,953
140,663
7,464
27,31
39,178
142,680
51,962
101,993
52,6
64,349
107,61
193,941
101,853
47,587
16,938
153,977
74,84
22,986
184,895
84,676
63,447
140,36
19,432
33,891
15,230
30,963
48,960
2,955
79,698
103,686
118,322
156,570
137,549
80,508
140,47
104,243
170,971
102,186
107,156
85,810
132,420
24,109
101,739
67,759
17,886
159,91
19,56
133,300
110,878
197,943
141,485
147,408
172,610
78,160
105,80
184,464
157,871
2,941
51,609
152,107
153,553
19,553
113,718
85,324
9,764
174,801
129,30
92,295
118,232
35,143
137,93
179,459
34,582
194,659
194,856
195,423
12,172
188,871
197,740
81,551
60,138
79,148
45,753
11,160
136,419
89,286
13,812
133,435
57,884
95,345
149,958
95,969
130,920
83,128
75,92
180,325
156,206
165,347
7,978
140,966
47,643
168,355
169,614
139,100
110,419
55,244
38,42
197,739
94,134
43,157
143,828
64,483
119,275
54,862
131,293
165,203
157,387
76,92
71,875
130,6
155,929
154,109
111,189
162,950
167,724
187,470
92,803
20,686
84,159
36,179
109,55
47,958
84,117
38,781
189,132
40,789
6,662
64,98
120,845
125,607
99,583
141,733
58,547
9,542
73,834
70,239
148,630
56,920
159,671
56,624
160,687
56,576
175,556
104,295
153,396
175,869
118,261
130,817
143,400
98,251
57,177
55,905
183,85
198,1
145,548
49,241
173,82
60,525
81,567
80,468
119,736
24,250
192,528
177,798
138,500
119,415
171,865
188,153
22,133
78,160
150,413
66,922
176,434
53,425
48,562
