7500
189,987
48,652
25,413
23,728
16,554
123,129
140,28
47,44
50,605
17,439
152,73
66,82
130,912
118,278
157,219
44,631
31,80
38,690
104,749
37,751
174,75
62,356
169,382
37,922
149,758
24,179
173,738
159,384
62,966
123,33
171,307
95,604
43,20
193,607
137,605
2,20
143,777
138,792
116,199
46,625
72,625
158,505
161,427
1,552
139,953
126,456
34,146
109,600
17,253
155,109
127,590
136,19
178,53
53,472
22,576
23,940
7,892
113,356
110,978
105,792
86,643
148,589
182,853
13,144
183,201
91,587
93,679
121,371
8,366
163,489
8,581
37,879
53,347
12,928
124,535
185,585
165,993
82,883
187,427
79,412
151,743
47,801
57,97
45,409
165,983
165,995
184,1000
163,777
68,674
80,805
157,436
26,874
185,809
2,632
128,546
125,512
160,554
46,172
170,29
56,3
102,282
119,326
190,879
110,90
190,411
35,74
44,922
42,4
156,650
108,391
51,930
100,800
185,130
31,243
42,136
197,641
112,928
188,832
96,6
60,237
125,838
184,741
27,480
126,9
145,653
166,422
59,385
30,445
167,561
166,551
163,359
47,220
71,143
151,606
161,837
95,966
168,529
184,145
32,42
181,396
79,20
119,7
158,954
194,490
117,912
119,115
198,54
58,647
196,491
163,386
