5000
149,850
124,224
177,754
63,198
28,487
165,675
77,57
129,567
87,82
53,777
66,922
116,533
132,155
170,169
6,448
4,873
97,836
37,959
149,128
64,87
64,402
34,261
98,748
97,102
177,104
118,464
6,174
57,495
28,1000
107,104
49,673
105,142
196,430
132,623
38,588
85,107
117,788
187,449
200,784
36,379
68,530
93,248
96,111
68,902
189,535
159,635
119,552
25,310
173,479
35,54
127,40
124,437
30,521
95,666
180,788
110,558
101,353
163,831
171,576
45,162
105,950
197,740
31,758
179,829
193,535
100,253
52,772
160,753
15,118
87,221
103,913
47,418
102,341
147,549
27,5
31,571
26,979
58,678
7,78
99,815
186,407
76,369
68,163
198,789
42,30
13,222
64,850
17,259
156,526
122,344
101,474
45,928
29,377
34,504
31,706
137,383
54,206
135,31
185,240
48,104
