125000
52,720
23,467
89,174
149,117
59,994
125,35
188,532
8,703
114,772
119,998
158,921
100,307
185,813
169,624
4,659
37,995
18,391
55,541
167,282
65,893
24,476
14,152
123,184
65,553
158,780
186,369
47,986
34,890
8,206
191,288
137,998
101,827
40,73
128,725
108,642
19,105
37,8
178,551
140,365
184,876
191,391
45,24
148,55
105,916
100,815
187,771
185,446
11,882
83,947
131,846
57,239
39,732
22,758
38,419
182,451
40,604
2,591
39,612
196,549
154,684
167,221
138,671
116,611
118,648
67,616
61,509
158,340
199,833
7,981
18,852
19,213
63,348
128,9
176,367
56,15
170,851
144,334
90,333
106,975
74,921
163,655
25,461
181,366
104,488
118,767
93,205
187,943
36,789
166,360
134,498
173,738
114,787
29,260
138,137
179,271
151,930
31,784
188,891
102,738
181,774
135,669
51,6
158,578
70,950
177,856
165,764
40,385
115,242
8,850
86,70
66,410
67,433
165,756
185,315
186,44
193,320
171,292
41,609
170,294
188,494
129,378
5,175
192,921
140,269
105,625
119,762
3,187
56,493
27,223
95,562
39,82
38,595
199,493
137,598
88,95
20,637
71,599
5,628
9,760
127,318
102,240
112,743
163,38
173,905
16,372
99,852
103,571
18,868
13,394
75,668
97,313
6,800
190,717
133,714
32,576
51,977
15,961
85,210
79,921
108,979
52,268
44,29
41,527
124,281
7,371
145,323
175,338
170,605
30,127
107,939
32,894
64,815
193,225
136,357
166,907
92,457
60,563
23,637
31,642
98,963
160,360
14,133
187,517
132,565
153,142
110,57
151,360
6,802
187,180
16,956
143,335
178,914
157,622
171,82
90,258
82,163
1,304
56,346
81,328
109,135
169,453
134,829
7,920
110,149
85,934
64,754
116,738
141,937
65,561
152,368
164,918
141,580
41,882
50,622
8,569
184,724
44,297
60,965
105,339
24,79
192,877
89,674
176,735
42,692
65,926
152,744
21,735
29,270
66,592
196,53
95,764
196,937
37,939
123,252
162,131
55,780
116,576
121,747
175,342
156,228
57,421
9,212
21,517
32,853
16,340
1,193
120,523
55,656
101,469
159,732
32,223
137,420
155,682
10,234
151,604
22,793
170,755
32,419
134,328
160,434
155,283
128,582
28,381
15,597
141,80
118,931
10,769
168,193
163,397
94,999
81,672
80,246
44,915
81,469
134,37
183,642
162,437
148,783
42,241
100,70
10,742
122,496
100,759
191,494
57,345
168,332
58,793
186,178
97,841
5,520
73,92
30,537
126,966
8,194
88,193
78,936
184,692
57,598
199,744
105,642
28,824
71,178
157,931
56,608
63,958
129,955
4,236
84,987
186,6
39,867
53,833
61,963
5,112
128,192
80,197
141,780
142,404
167,893
85,843
160,117
108,655
193,381
98,225
190,326
5,528
22,736
115,906
165,797
148,132
22,742
177,123
88,139
22,369
16,819
27,805
115,252
182,789
199,770
104,939
174,566
101,820
79,917
9,1
117,225
7,358
54,196
159,842
30,13
113,719
103,779
164,610
70,456
109,334
192,810
153,497
146,918
3,525
102,479
9,936
57,262
34,6
71,245
182,743
187,802
82,420
35,151
68,281
139,891
121,883
68,166
127,921
159,17
2,887
20,924
149,279
108,370
116,289
70,261
172,29
196,223
145,892
166,34
28,48
62,331
108,730
59,289
12,609
37,376
167,1
95,856
30,206
69,40
93,458
148,201
101,766
39,70
124,558
117,584
186,293
108,278
47,676
158,55
113,219
82,481
182,93
40,609
140,251
167,107
147,854
134,931
39,450
39,427
125,516
88,218
145,451
7,990
165,1000
97,492
9,416
144,778
127,629
134,793
84,73
132,792
139,549
145,673
93,19
2,823
41,666
118,553
184,945
168,386
126,958
155,783
45,445
137,568
169,161
147,110
78,293
55,198
123,397
155,969
171,259
185,210
16,52
187,129
40,934
56,705
81,375
77,549
121,503
195,742
198,576
167,777
83,269
124,1000
135,365
76,430
100,844
36,314
128,587
197,473
121,660
193,550
128,529
110,175
101,740
16,776
197,794
157,757
71,365
156,294
3,420
106,540
142,276
157,856
140,335
192,162
181,355
22,623
173,446
132,706
146,553
57,929
198,110
198,276
42,10
36,16
108,531
48,113
192,206
18,345
185,12
143,644
84,448
19,905
185,520
188,617
42,116
109,228
107,616
5,258
187,483
99,798
31,425
198,577
19,348
178,462
182,746
48,310
200,931
54,102
103,844
195,161
186,980
52,285
168,752
38,742
152,258
114,624
170,497
113,582
16,734
11,692
97,941
76,362
120,912
17,851
6,678
172,221
102,863
97,827
90,556
125,526
80,309
153,853
110,718
81,445
84,799
96,241
176,255
95,98
110,54
1,636
122,73
63,118
31,958
21,683
85,601
25,962
196,385
12,880
110,683
79,326
167,593
190,305
49,510
192,697
91,512
141,551
72,309
28,834
103,269
182,22
39,556
187,725
44,883
50,364
43,15
100,938
169,857
113,417
76,760
174,304
17,880
102,721
114,471
44,616
152,961
147,107
190,622
48,365
55,966
101,792
47,898
132,267
69,923
62,196
70,899
32,815
95,497
103,624
83,978
45,18
63,621
192,171
60,93
74,173
8,684
166,582
33,218
145,732
10,158
72,914
72,748
127,24
114,100
5,223
38,329
155,687
53,95
35,584
24,270
60,894
104,190
28,768
57,781
153,870
126,155
174,740
112,668
176,750
42,818
129,356
99,873
198,855
124,938
8,535
173,635
50,410
155,536
182,86
2,549
135,916
95,550
95,833
11,578
145,649
169,251
4,987
101,437
84,200
122,985
99,304
43,673
88,679
25,774
128,7
78,700
88,504
14,384
112,467
105,337
169,416
147,107
90,383
82,688
96,583
163,310
53,825
129,951
105,97
176,37
67,344
19,278
126,596
87,715
42,314
175,656
164,439
123,999
115,517
192,96
141,204
49,688
8,104
45,785
64,346
178,437
6,496
17,66
144,606
11,847
1,854
87,919
3,845
166,730
31,693
167,110
84,163
125,554
172,595
22,776
103,100
136,184
161,194
131,507
37,170
31,438
155,823
92,107
12,83
54,54
186,918
17,902
197,178
12,230
166,147
164,640
9,209
4,680
170,295
120,457
122,2
117,40
117,595
21,764
57,21
175,625
84,546
33,860
3,546
30,493
50,399
135,495
143,544
133,365
55,96
39,282
135,242
119,636
94,917
81,294
121,899
155,420
123,106
144,43
104,948
180,519
66,749
170,712
44,306
114,473
200,961
5,233
191,147
4,821
5,398
6,407
54,736
179,504
126,802
10,855
182,826
7,676
114,885
1,659
174,801
60,809
47,508
173,882
165,830
141,257
147,590
23,949
27,137
148,288
191,333
112,353
182,663
146,652
53,401
113,216
195,365
61,14
13,564
25,229
182,513
123,345
184,546
11,118
15,214
86,862
44,617
145,863
121,463
63,695
63,163
170,839
135,231
10,99
158,121
64,59
195,73
85,93
13,446
84,292
54,873
88,971
37,622
148,163
63,599
14,313
88,969
118,238
52,402
17,652
184,359
100,509
50,823
31,179
130,371
5,981
27,859
68,557
133,419
167,653
176,117
96,152
135,856
93,23
193,164
6,253
131,766
199,627
29,308
133,183
194,104
32,616
122,983
186,198
72,753
112,249
41,763
68,36
70,946
195,465
133,66
175,102
76,598
193,262
150,300
162,354
69,98
131,815
191,369
75,933
43,509
134,30
193,708
50,756
128,732
105,717
53,868
167,174
6,956
142,903
137,715
177,700
76,699
134,523
60,199
7,253
122,123
176,210
150,488
89,689
116,662
184,229
47,861
9,56
147,913
81,642
143,50
58,759
64,694
47,749
44,572
103,181
27,324
174,814
57,645
85,155
173,348
91,504
70,480
166,436
136,432
70,101
106,782
91,358
33,686
68,829
189,319
181,960
97,355
24,561
199,71
70,75
35,224
85,835
48,549
1,915
42,526
56,181
180,405
31,117
77,965
125,806
179,564
81,982
182,36
166,185
140,647
96,771
195,658
102,455
145,509
55,690
35,195
38,814
25,801
128,715
47,849
157,280
140,397
64,735
114,147
77,526
111,36
146,942
73,748
14,451
19,983
190,239
25,20
56,682
126,765
37,306
126,849
61,615
9,888
174,295
23,759
72,83
74,17
186,651
52,55
160,647
187,102
80,507
70,647
5,413
7,143
100,41
94,158
181,878
59,956
50,489
73,313
142,169
195,842
93,142
122,425
51,961
49,416
139,323
26,350
75,726
175,108
143,967
174,366
166,350
64,221
86,916
190,174
175,428
158,775
34,594
165,145
107,586
158,501
163,111
134,396
106,230
60,181
80,695
46,601
189,654
109,357
133,543
93,988
191,282
160,111
54,576
40,267
58,436
173,561
45,257
198,326
64,829
186,802
150,944
192,458
72,953
97,389
169,918
127,224
32,678
91,914
39,992
160,397
66,931
17,997
121,286
5,535
175,606
8,98
194,1
164,580
100,811
175,639
185,401
77,820
180,576
81,179
186,241
114,94
191,574
11,790
44,179
196,165
165,523
193,149
52,789
25,434
23,795
22,572
198,479
136,985
29,789
175,708
198,226
170,77
30,475
1,729
60,845
165,711
2,729
43,35
166,823
63,535
36,609
185,642
174,356
167,298
19,845
162,70
105,379
148,195
101,317
1,989
169,146
165,515
170,429
123,427
52,288
95,814
9,298
128,939
161,162
49,426
69,370
89,668
15,17
64,264
158,552
133,575
148,427
155,504
160,858
130,631
21,133
186,648
103,938
88,951
74,608
127,528
77,558
94,939
163,723
164,597
33,180
176,145
94,839
95,777
34,60
44,750
180,965
61,444
183,230
130,165
76,393
112,264
97,501
65,185
50,560
84,923
192,113
68,378
52,65
164,527
173,818
58,136
177,80
125,488
146,773
184,994
58,211
81,42
107,837
139,668
199,155
184,279
52,426
35,215
48,559
127,826
153,604
179,580
30,465
184,662
127,716
120,467
50,519
188,848
25,636
26,905
123,154
54,718
171,802
193,926
156,786
34,882
157,687
101,270
159,325
148,247
43,129
168,488
187,520
52,395
69,807
26,838
19,56
70,283
111,358
134,429
95,612
180,455
65,185
95,332
148,783
61,89
38,519
160,131
163,701
127,169
45,774
137,751
113,670
153,661
82,737
97,8
188,239
102,53
125,605
69,53
1,327
190,148
63,535
59,561
199,862
90,761
167,277
185,271
118,710
3,826
158,117
91,662
108,320
7,299
137,445
88,215
5,539
135,646
183,743
131,367
87,503
62,804
121,62
66,220
102,852
38,730
14,124
60,446
86,198
31,338
142,681
161,296
51,639
165,439
60,65
50,909
200,304
82,718
159,701
9,148
43,188
27,890
88,587
195,287
161,560
12,62
198,653
126,800
173,988
90,778
147,441
36,833
42,867
31,282
148,659
24,60
53,986
12,342
12,319
104,496
200,787
172,54
125,699
196,102
36,722
4,359
197,812
123,874
156,734
199,642
105,751
142,851
185,331
172,66
48,282
135,985
58,296
191,674
179,139
181,515
122,112
85,147
64,113
59,204
195,676
25,273
173,476
198,97
8,107
177,244
99,77
167,969
53,116
200,253
195,432
146,724
3,322
165,927
143,840
127,175
143,222
78,975
116,723
122,97
94,322
188,530
130,632
45,912
137,888
126,621
121,303
43,357
159,606
91,225
158,372
104,384
97,9
162,316
73,278
79,955
171,184
22,249
102,362
104,702
37,690
13,733
116,493
192,38
36,454
149,863
57,588
30,877
76,340
25,192
160,165
142,443
164,994
21,631
89,243
81,150
29,102
182,564
30,33
187,997
158,830
144,100
193,682
109,365
19,256
66,734
104,448
92,564
91,406
12,392
80,731
78,449
188,738
66,324
47,504
95,140
16,138
14,352
182,813
135,227
188,710
116,437
143,89
26,158
65,818
69,128
26,960
149,182
5,793
87,437
195,611
103,15
38,28
147,45
86,59
37,117
169,722
183,555
138,54
133,45
190,830
72,413
14,343
31,160
50,795
169,754
108,927
161,226
71,403
54,497
12,718
29,458
85,610
184,831
20,766
89,95
35,429
32,67
73,240
1,453
155,920
91,802
199,661
190,100
64,167
53,401
53,228
126,283
123,777
192,378
123,651
38,937
112,989
64,814
10,169
65,256
24,963
3,261
165,661
171,810
89,917
42,532
71,753
99,141
181,485
180,483
187,785
118,710
117,78
104,969
20,783
121,439
88,185
83,189
198,272
18,56
196,555
56,199
70,256
110,471
174,751
75,846
115,110
78,998
185,267
100,368
95,676
188,605
29,214
37,531
199,123
60,93
151,407
66,524
134,959
179,292
9,385
160,866
116,766
168,360
4,690
5,8
166,689
3,881
181,844
51,584
111,46
51,531
81,791
58,283
197,358
108,747
85,75
167,700
24,513
75,7
182,780
191,737
156,764
154,181
123,452
105,655
144,414
71,739
184,457
14,677
157,856
187,325
67,763
75,389
185,104
11,681
4,21
188,310
96,375
180,667
47,989
29,214
174,24
117,664
166,101
20,932
174,662
84,524
141,587
100,260
165,660
24,589
110,531
44,911
59,195
15,269
24,433
41,235
166,931
16,165
47,762
26,907
35,806
11,989
159,333
27,441
106,71
43,430
76,805
193,157
139,608
16,134
122,293
79,362
49,199
152,829
153,176
175,427
43,166
9,931
2,209
157,193
160,844
38,526
191,171
109,781
93,883
23,559
96,240
162,880
17,300
43,697
138,141
156,154
191,152
196,827
82,725
147,128
149,563
83,33
120,252
180,265
153,355
111,490
12,433
115,296
38,252
106,366
200,789
19,722
68,162
126,839
9,58
154,14
127,66
158,468
116,500
200,856
6,70
172,96
56,351
30,976
68,273
188,110
15,391
44,75
66,329
106,358
51,959
156,295
29,200
85,77
149,606
21,104
44,633
73,60
30,324
155,724
35,605
162,484
186,583
36,72
185,910
52,110
94,771
97,533
113,819
75,45
177,586
73,310
177,884
153,782
119,896
55,180
137,18
108,257
107,940
48,68
200,263
3,908
52,920
173,562
106,55
38,367
170,858
61,342
142,924
55,12
169,724
78,591
169,258
52,917
127,101
52,667
61,718
164,421
125,889
71,15
51,95
147,767
157,242
186,477
157,93
31,494
91,678
184,372
19,979
12,279
115,419
154,688
56,555
52,742
111,862
67,468
121,902
94,436
118,719
75,393
194,984
180,560
136,371
146,888
51,374
50,298
165,651
86,24
18,643
91,269
169,523
182,222
134,136
6,369
180,725
63,901
145,603
137,852
81,107
110,565
49,791
178,890
134,892
106,207
188,90
134,600
30,91
122,685
78,964
147,391
127,759
70,836
161,602
73,384
199,185
113,641
37,258
108,348
22,558
80,204
157,319
83,232
126,688
118,104
162,610
178,975
173,691
199,490
166,67
160,801
196,554
7,912
81,872
58,774
100,779
90,341
190,15
48,130
146,969
23,479
32,754
196,626
103,528
60,270
19,234
158,588
46,227
63,4
39,174
117,148
111,850
165,217
177,182
198,387
173,461
199,717
135,508
129,603
46,317
163,551
93,492
159,888
85,565
53,237
127,653
195,971
6,842
15,962
101,406
21,47
155,8
99,970
150,127
48,36
126,247
93,558
192,67
182,340
25,688
35,457
119,4
32,790
67,993
25,137
9,135
67,143
192,407
45,41
77,383
185,162
109,701
189,257
141,51
38,626
71,919
192,566
176,95
142,169
188,749
183,877
127,861
21,413
95,608
38,62
9,315
26,592
77,867
105,834
14,857
189,131
64,785
58,825
57,645
100,847
127,641
96,474
66,973
24,767
160,846
132,346
147,912
106,771
61,166
61,910
39,131
24,110
96,434
159,798
178,408
121,654
154,467
50,622
39,625
61,768
150,343
7,601
156,688
85,623
152,729
2,829
32,746
169,673
49,415
75,554
53,393
183,150
121,104
156,910
168,139
161,241
65,632
143,728
186,885
72,969
33,61
62,48
166,902
107,393
117,902
137,654
108,641
91,495
109,200
58,734
88,125
150,167
151,664
149,663
126,438
17,63
90,679
182,244
199,255
58,901
172,72
200,103
172,526
91,725
106,237
160,791
155,195
56,543
45,179
13,101
182,214
129,660
191,641
110,409
64,247
17,513
100,245
143,740
152,175
31,802
54,589
9,979
197,44
31,938
82,614
98,53
95,497
121,507
154,415
51,48
171,338
141,713
34,9
146,662
118,375
57,468
40,718
195,368
53,903
94,20
33,71
4,67
176,302
52,643
109,360
76,806
60,804
197,236
114,772
7,712
148,209
47,243
95,631
181,487
3,951
109,341
27,228
133,228
139,361
190,914
13,133
181,377
189,309
128,668
54,562
123,919
34,276
97,103
165,810
108,637
173,38
48,909
11,467
39,232
160,553
9,851
175,148
74,492
91,694
139,911
95,138
19,505
86,617
31,355
162,777
191,281
45,648
74,70
23,27
120,469
178,71
26,339
59,692
43,919
9,459
173,695
70,564
135,600
23,379
189,404
184,61
5,683
38,368
106,875
54,605
169,790
163,649
182,153
190,132
85,446
140,7
68,994
11,219
194,593
200,592
115,576
34,974
22,638
138,371
37,625
100,799
51,731
74,772
31,213
121,909
156,89
77,168
130,30
113,774
36,63
58,311
134,583
2,611
158,34
56,339
92,216
6,306
51,822
11,4
152,154
197,444
145,670
86,130
151,382
115,802
95,635
79,752
195,452
88,385
103,833
118,109
139,280
15,327
1,8
71,82
65,235
44,48
142,13
185,426
71,549
134,331
126,466
36,578
188,792
9,296
159,471
59,10
13,937
163,249
161,779
55,187
53,13
54,257
39,134
8,988
20,27
58,808
38,522
153,770
110,75
85,447
85,489
26,83
98,337
8,261
118,116
55,289
17,66
102,21
37,176
177,189
41,574
173,178
142,714
125,695
148,695
137,435
193,648
29,405
39,165
160,798
47,172
73,797
200,720
156,635
30,274
82,443
26,974
161,101
191,937
70,327
37,526
77,551
58,366
101,337
89,266
177,132
120,290
122,949
196,172
136,974
33,747
15,248
163,57
84,78
180,143
26,46
99,662
195,485
45,193
165,831
42,193
42,47
11,891
43,715
183,31
200,465
25,695
32,73
148,958
170,267
75,192
77,902
59,343
48,173
94,428
141,384
174,959
54,213
44,401
84,887
198,877
126,992
175,809
47,477
11,803
23,730
7,363
49,344
189,834
15,848
92,548
53,324
78,46
85,382
40,198
185,357
194,249
186,348
187,494
117,543
14,571
53,216
109,945
156,976
37,375
99,624
105,719
31,375
19,133
169,251
101,488
39,363
28,31
98,225
156,202
43,339
191,61
4,331
79,647
45,745
177,425
70,61
157,498
14,894
188,117
46,660
78,220
136,944
136,101
114,423
42,494
57,279
183,217
190,597
166,900
29,161
198,998
113,807
91,34
3,191
179,121
56,876
111,858
88,743
50,387
109,131
81,548
33,817
115,123
30,167
154,94
111,881
96,31
26,575
160,654
125,536
4,161
66,721
51,635
172,415
154,963
40,393
89,519
125,749
48,436
95,60
87,700
83,631
121,367
153,950
112,939
45,325
190,450
197,130
37,268
4,642
193,598
95,916
53,197
139,289
168,892
120,982
169,27
173,419
165,601
100,900
2,199
101,81
9,337
47,209
16,960
149,733
181,771
109,857
95,186
121,864
42,849
43,954
170,170
129,536
152,154
103,826
186,805
106,992
49,773
119,276
117,258
88,419
126,620
198,727
144,824
168,213
42,398
62,158
69,454
101,677
164,951
136,675
2,214
169,514
188,118
65,467
83,357
151,712
153,377
136,403
80,882
191,109
52,366
192,458
145,604
86,28
153,90
53,923
65,632
76,369
82,489
142,645
36,754
171,614
66,220
54,48
189,396
115,16
22,615
9,316
142,390
84,824
71,34
152,966
98,748
87,273
31,342
122,459
130,836
182,519
21,459
26,413
94,643
38,942
27,98
112,75
52,818
127,876
146,813
131,350
33,486
101,2
102,343
83,443
25,283
37,342
167,688
95,128
31,949
144,969
70,145
24,209
199,719
193,943
195,677
119,600
116,866
116,386
49,955
79,761
25,528
190,198
192,916
55,539
191,156
118,858
45,794
28,755
124,548
165,264
43,376
188,258
31,877
18,331
13,20
112,773
109,206
104,602
148,190
1,188
71,875
122,140
87,47
3,963
38,643
187,367
28,817
85,133
64,45
115,940
70,653
182,631
124,336
66,521
100,121
99,141
181,822
87,109
69,625
180,296
114,940
110,346
145,802
169,232
62,149
84,620
55,438
51,230
167,396
131,211
21,541
20,955
33,528
8,618
172,154
82,986
151,843
127,585
190,480
79,492
35,122
107,540
189,96
140,581
148,918
55,981
183,340
56,717
147,637
73,587
119,796
194,248
80,288
169,127
65,127
110,425
176,140
71,641
174,456
175,307
86,965
40,198
153,805
168,913
175,540
102,431
113,382
108,805
111,24
84,803
49,370
182,652
176,171
141,417
140,640
161,80
126,812
127,586
173,477
31,928
94,71
114,169
86,671
63,240
134,429
48,132
133,303
27,410
50,233
32,630
115,104
104,723
139,154
5,976
37,690
109,13
14,324
25,560
44,334
32,642
8,249
94,128
162,117
103,18
4,807
97,448
114,473
48,218
130,683
14,633
110,147
95,654
186,396
137,71
199,830
72,751
131,196
97,459
73,246
177,740
107,518
15,802
29,496
141,363
185,398
58,20
70,715
85,361
26,118
160,864
112,277
117,328
71,688
150,20
65,879
143,99
71,518
196,946
28,415
167,225
66,905
55,942
39,599
64,643
27,867
137,454
152,172
196,33
148,930
71,881
158,471
61,201
14,754
158,322
136,660
200,929
145,540
123,795
44,739
102,548
44,751
5,85
118,511
37,930
19,101
160,443
119,246
87,805
80,22
64,339
21,427
108,8
149,706
149,605
161,862
161,391
60,650
178,476
137,449
199,43
65,717
156,135
76,304
190,124
37,171
176,331
57,184
20,415
103,147
125,969
169,657
128,70
22,954
