5000
107,183
188,760
162,103
15,464
103,474
38,564
160,844
148,982
64,50
70,392
38,599
80,845
111,875
85,596
103,866
34,25
196,603
42,518
80,651
75,794
179,128
134,582
147,19
101,827
164,271
174,645
136,894
87,574
150,55
173,346
126,392
79,935
98,62
183,343
7,290
151,915
128,160
168,588
62,428
129,85
69,272
15,63
14,811
55,496
26,259
112,179
99,950
2,656
190,514
108,841
114,654
122,209
130,929
186,652
181,183
76,682
102,404
7,680
135,628
149,581
8,915
42,580
5,315
47,568
54,352
123,651
57,272
57,334
15,194
192,601
4,109
56,593
56,725
91,171
150,475
28,667
56,228
52,488
26,798
77,811
139,960
38,765
153,897
103,224
75,296
156,181
66,239
2,617
65,584
145,490
176,453
194,829
146,280
135,270
62,40
133,329
149,332
178,110
52,919
4,401
