50000
20,19
178,853
75,102
150,881
38,750
192,478
199,262
74,141
80,519
52,268
86,807
197,580
11,148
16,203
91,731
161,649
133,454
128,749
159,252
113,501
38,555
122,13
141,647
7,256
92,782
103,401
6,524
31,652
196,854
95,843
198,767
187,420
185,18
47,613
45,897
93,854
167,146
162,479
185,268
16,693
169,479
100,416
6,375
109,387
108,435
89,945
15,427
162,359
18,814
21,723
125,7
154,708
106,868
158,692
92,548
48,79
177,689
63,765
79,277
118,267
184,653
176,738
52,791
33,96
141,26
178,637
156,315
58,27
95,233
125,754
142,881
95,455
103,406
119,275
119,325
149,402
113,776
77,151
158,223
171,470
83,470
163,818
185,864
63,347
92,284
101,321
27,898
137,284
1,665
130,626
119,140
95,617
97,530
59,192
72,871
169,896
184,116
81,974
155,643
127,552
37,348
142,991
187,142
64,811
21,601
6,199
78,417
182,624
10,66
5,386
114,724
62,490
189,909
44,925
156,604
125,120
105,111
14,821
59,662
91,797
21,226
52,404
97,427
186,44
102,694
5,350
67,614
19,326
144,732
82,345
75,473
18,921
164,50
15,7
99,728
44,332
24,434
178,525
54,851
45,648
198,482
110,586
115,660
14,154
147,595
3,698
177,589
111,932
103,425
71,376
84,860
82,518
73,449
43,518
3,146
41,154
41,947
159,982
79,859
10,836
118,975
116,672
143,712
5,790
58,736
22,589
181,2
149,338
85,768
96,677
121,748
160,63
97,108
103,339
114,473
84,966
70,714
89,861
182,268
53,337
200,442
144,638
11,236
51,246
95,931
85,300
110,147
54,803
121,496
188,789
105,918
141,328
147,489
126,46
143,573
167,415
48,164
19,319
92,339
72,886
50,944
128,743
166,863
113,372
35,660
160,246
105,262
122,295
64,759
18,251
181,221
177,164
33,705
89,742
38,93
100,708
90,564
143,203
166,654
6,388
52,745
61,54
25,82
114,565
36,186
169,851
141,182
175,527
70,382
15,26
128,368
84,388
67,410
75,105
118,537
123,476
61,44
59,180
26,546
171,166
13,455
129,418
153,21
35,663
100,737
176,854
20,731
188,297
80,273
111,540
1,22
39,632
26,598
131,596
98,936
160,637
55,988
86,110
45,612
112,605
35,17
104,998
174,883
23,813
70,908
101,614
59,348
149,503
42,107
150,271
147,837
9,948
94,157
37,523
122,286
179,647
64,785
125,60
36,487
54,523
36,437
118,806
36,92
46,188
108,614
42,170
166,277
105,459
60,310
37,823
29,12
93,130
109,477
37,356
123,983
72,968
44,832
93,329
27,66
116,576
66,676
8,272
30,377
64,848
128,268
154,447
180,173
115,918
132,469
68,225
65,212
23,138
15,299
142,431
94,371
68,42
198,379
9,458
66,721
90,274
76,651
107,377
50,185
57,778
87,345
9,918
42,251
81,612
95,504
54,392
146,325
101,40
27,244
64,101
109,128
107,464
174,707
166,435
176,598
179,645
80,498
43,924
61,832
10,371
179,739
128,560
174,16
30,199
36,483
113,362
176,75
167,377
17,776
190,514
110,182
79,43
186,916
26,23
70,611
131,2
180,987
176,38
159,81
162,732
63,718
199,990
9,503
101,698
30,510
103,787
45,463
48,202
184,168
55,33
15,505
19,279
92,91
111,919
31,235
74,103
130,30
133,567
160,672
4,422
153,52
195,940
11,213
194,743
112,798
64,39
198,935
169,980
181,461
3,963
55,697
164,554
84,507
79,113
137,891
84,840
140,63
7,545
196,734
172,452
198,432
195,704
122,224
191,194
132,308
128,51
63,839
39,402
92,91
143,679
155,806
5,341
132,326
38,986
104,743
191,599
184,174
99,174
4,273
171,568
117,190
146,596
147,390
162,278
62,113
144,256
95,572
11,554
60,648
96,815
162,898
136,496
151,359
47,237
179,839
168,65
145,474
105,185
196,901
143,239
173,284
115,824
132,589
153,490
168,1
66,468
198,69
50,311
9,417
146,607
174,353
118,567
161,884
119,583
174,4
199,186
85,787
165,791
120,677
4,909
175,324
12,254
78,385
121,354
75,162
62,948
96,586
69,688
94,735
192,947
63,195
136,769
43,287
113,169
16,143
100,616
85,57
33,217
169,134
171,536
194,549
8,77
93,168
167,178
193,520
160,567
130,806
94,860
114,114
180,588
66,242
197,779
105,194
70,87
40,865
46,214
138,591
72,615
3,757
177,326
64,736
104,832
71,367
44,285
129,983
90,775
189,802
97,84
134,993
118,495
125,91
200,573
146,747
163,710
46,706
196,891
72,511
94,600
99,44
132,899
91,449
11,493
160,813
127,9
101,148
160,90
142,439
20,905
110,351
19,263
141,30
154,65
31,30
46,116
75,458
90,343
141,378
22,719
166,441
85,171
200,964
51,197
88,78
3,946
79,350
51,590
41,298
73,262
77,646
29,267
167,488
24,629
44,815
128,217
132,707
24,107
111,48
90,679
20,852
54,97
82,352
83,340
53,122
118,323
119,271
52,715
20,981
124,683
160,530
107,477
169,484
115,976
178,112
174,36
131,668
87,948
6,426
191,1
60,523
79,955
173,374
32,261
194,183
149,233
118,768
150,866
47,629
13,638
107,297
90,3
146,21
189,922
173,612
75,431
8,832
72,694
85,831
131,334
24,834
84,36
161,242
100,624
148,815
74,750
21,203
88,316
194,958
139,60
193,707
17,968
179,196
96,704
66,122
16,926
78,553
24,469
51,354
5,293
78,172
98,437
6,57
70,365
62,498
135,755
46,350
28,67
92,444
40,85
76,694
93,614
63,722
5,5
42,325
109,734
118,552
153,494
104,844
146,51
46,960
188,161
108,150
68,160
199,104
2,89
72,250
20,763
16,747
155,474
172,629
107,796
151,531
124,701
132,486
171,389
167,927
2,645
118,480
95,27
153,214
199,947
78,168
23,620
149,847
116,409
191,671
119,783
188,70
76,726
161,625
64,489
83,379
99,856
11,320
13,387
166,773
115,887
9,670
136,262
140,690
146,744
114,146
187,137
149,346
11,562
21,274
6,474
141,595
124,355
10,707
46,111
118,912
70,79
105,821
79,517
185,304
125,21
140,223
194,777
7,697
46,344
88,939
166,5
90,135
103,795
45,728
73,789
63,767
38,265
9,897
26,525
157,126
92,767
84,779
137,172
30,336
156,361
16,557
106,349
183,61
40,976
23,703
39,164
59,410
37,179
87,275
188,890
82,503
132,911
138,602
87,479
83,374
103,585
137,17
128,815
57,61
50,204
110,879
4,669
33,825
32,386
30,174
52,125
115,425
162,466
31,817
6,504
35,611
110,572
152,406
187,779
7,11
14,369
173,375
114,410
104,235
182,830
23,767
170,25
131,30
69,402
57,321
194,263
12,838
102,525
38,955
25,349
192,587
177,568
150,462
44,451
43,504
72,792
4,750
4,672
155,655
13,640
147,13
142,60
194,877
65,206
92,990
40,86
29,904
134,533
89,581
34,341
182,801
200,363
11,559
44,608
96,883
30,719
178,596
195,194
146,528
3,86
166,918
195,684
85,471
101,424
33,799
144,747
197,659
17,59
129,877
106,143
125,949
47,444
150,685
195,690
22,854
165,631
119,890
92,170
114,815
77,379
88,305
195,296
176,634
157,656
132,434
190,364
34,170
112,583
132,262
192,930
121,886
1,610
159,376
34,740
56,508
197,311
102,781
64,149
178,345
162,719
65,969
153,530
128,453
57,658
175,929
20,422
93,210
152,659
153,690
107,978
167,785
102,537
142,855
8,881
141,62
141,434
36,886
33,121
22,196
156,263
61,370
103,71
7,912
107,975
164,636
51,254
71,944
184,754
177,644
192,231
117,925
131,394
173,769
80,848
191,944
37,262
170,593
187,268
46,926
47,826
20,844
4,93
31,83
14,227
70,723
133,29
157,646
44,209
162,732
20,445
66,94
158,922
8,453
172,519
32,532
24,211
110,205
45,320
198,238
99,118
136,363
29,200
200,816
110,707
105,154
171,970
6,842
167,890
173,260
13,93
92,391
197,512
33,636
15,796
165,690
90,873
23,63
63,78
8,923
98,586
80,332
78,761
51,612
141,499
27,25
174,468
119,840
51,892
152,322
35,336
129,77
80,515
47,278
110,314
166,74
135,828
36,239
179,591
68,714
83,296
171,518
147,617
144,105
144,867
33,451
175,983
131,556
181,663
162,413
88,84
119,47
20,136
59,985
98,557
142,983
13,880
184,975
3,146
19,278
20,710
36,835
122,969
81,534
49,666
57,455
151,23
111,268
146,495
186,169
151,743
199,832
17,851
71,644
29,443
1,931
116,7
26,74
104,739
21,57
127,794
4,712
98,700
197,469
13,645
164,62
158,664
9,480
55,216
53,692
69,881
58,953
34,362
192,576
52,127
144,717
81,881
32,234
153,950
109,679
7,99
