500000
97,995
123,61
51,952
167,608
194,321
190,345
120,965
182,805
173,975
24,362
26,2
200,39
119,654
163,41
162,71
74,748
153,808
130,973
162,405
103,893
103,484
150,775
28,981
25,105
75,907
66,671
189,556
158,978
123,841
51,273
60,98
146,299
115,920
138,10
62,983
53,68
58,149
12,832
77,779
101,993
126,16
42,267
164,969
180,766
168,553
142,883
100,36
118,878
103,600
142,448
104,738
153,848
7,969
149,811
73,829
21,210
188,386
146,629
17,270
97,875
101,830
51,844
16,317
53,113
40,415
194,169
150,176
173,451
121,923
114,789
149,318
140,866
154,861
134,807
177,387
162,742
101,180
140,475
67,457
185,555
198,256
129,104
153,751
13,419
39,224
101,303
27,779
26,382
62,120
84,2
98,293
192,407
162,721
115,239
41,583
141,961
126,407
117,867
136,479
18,594
119,690
127,572
54,1000
156,242
117,917
58,217
128,76
36,888
126,706
19,875
36,174
184,334
151,502
174,668
45,880
110,881
47,728
124,361
131,173
144,413
194,442
51,744
101,637
18,620
148,216
9,860
33,342
156,911
44,947
151,547
110,361
156,536
122,919
13,604
43,246
117,165
191,986
194,962
23,597
133,424
121,963
134,316
185,780
171,977
43,971
54,454
25,806
3,608
194,856
46,862
162,763
149,484
56,721
10,10
125,585
25,18
7,240
160,256
142,599
139,44
153,549
6,286
174,407
189,384
139,139
174,870
60,325
175,12
166,546
154,494
140,369
194,649
186,953
177,376
96,766
103,965
181,427
80,319
168,571
30,724
162,868
133,405
184,167
148,720
128,973
91,460
12,504
136,354
184,937
159,451
73,27
7,478
158,138
172,88
53,736
27,844
28,577
21,882
66,716
63,352
48,152
5,376
93,603
22,995
84,549
179,759
71,188
51,360
195,805
173,869
103,786
195,305
45,324
136,760
163,811
81,400
82,944
99,648
106,222
139,915
27,921
23,840
113,682
88,203
109,301
50,59
154,47
74,213
33,180
59,34
24,320
111,622
33,464
91,98
118,495
194,161
83,505
161,566
89,4
28,210
156,93
143,126
2,179
142,604
79,745
59,252
37,807
87,138
43,149
66,755
1,13
112,677
66,478
61,519
199,572
192,529
119,162
42,797
94,440
73,156
185,105
125,284
75,568
150,202
193,342
129,965
128,796
52,6
136,584
72,878
57,431
82,330
119,3
15,747
29,137
189,418
53,625
57,206
51,210
83,7
83,450
10,725
42,955
9,288
179,131
141,414
47,122
55,411
113,139
100,66
97,974
24,540
155,118
41,153
167,376
29,941
11,523
71,159
136,870
46,114
160,90
91,304
54,679
16,778
194,972
148,579
198,619
148,609
45,661
117,962
63,766
89,364
167,617
54,462
32,92
182,463
95,40
32,689
23,693
164,385
124,301
75,109
170,166
188,145
97,253
148,413
195,434
5,476
189,197
129,608
94,5
178,337
101,425
88,269
71,75
153,153
37,763
44,940
59,835
197,191
88,967
7,731
38,621
56,778
38,629
88,690
98,701
135,627
27,205
37,284
183,488
96,161
116,656
14,967
25,490
167,927
55,233
172,412
183,666
119,442
34,371
40,408
170,96
28,807
128,313
110,817
150,6
154,634
193,751
181,826
137,423
196,755
32,672
31,251
21,290
153,553
30,240
197,23
88,692
127,107
170,855
164,602
42,791
86,335
136,771
151,880
123,773
156,192
28,61
15,97
114,23
44,298
26,422
94,721
97,128
63,99
98,703
29,501
103,734
9,13
36,427
164,496
161,134
4,538
120,779
101,955
145,471
117,687
77,580
157,740
195,169
136,109
78,293
74,633
133,215
191,293
37,969
6,939
137,123
145,12
7,584
107,354
132,363
102,140
157,66
17,463
54,782
180,942
61,596
130,683
17,743
26,911
160,142
9,590
16,745
192,195
145,767
192,806
141,461
79,4
59,724
181,834
127,462
82,386
148,547
97,191
117,336
16,682
196,590
153,157
108,304
28,731
28,432
97,79
76,40
197,446
131,724
75,842
119,829
49,761
11,22
101,555
178,288
93,472
52,542
84,701
111,108
28,578
198,543
21,605
149,637
6,739
71,764
150,786
30,959
160,367
182,213
48,186
55,387
192,434
67,355
95,305
39,911
31,266
174,239
189,232
181,255
87,304
11,992
188,38
190,355
10,249
136,782
81,296
116,231
120,269
169,744
199,735
131,643
47,287
190,894
176,478
88,864
156,631
187,367
6,858
194,809
24,139
71,695
7,910
38,314
87,932
10,306
73,341
77,657
17,806
30,417
7,442
73,52
119,54
48,279
177,742
52,833
147,296
67,161
125,505
89,193
79,181
26,560
184,692
158,360
75,601
32,168
61,374
98,859
127,821
70,880
99,195
154,131
4,464
144,183
176,771
9,565
94,157
71,888
113,8
13,981
85,483
100,842
190,200
87,289
6,533
110,359
196,378
43,334
69,299
101,928
3,461
55,10
22,622
23,379
26,93
6,155
133,787
189,771
177,706
119,638
57,709
106,57
51,391
145,506
140,974
63,445
23,819
129,624
70,959
45,70
100,328
195,953
155,902
113,276
112,831
55,620
135,157
58,574
102,376
90,308
158,357
55,773
180,874
165,741
165,450
20,484
41,163
179,415
34,248
4,580
72,174
147,994
135,488
13,197
148,569
33,548
175,122
81,897
39,416
186,903
49,246
75,531
21,371
160,605
43,627
149,552
76,81
5,621
40,535
86,216
92,966
54,267
152,125
30,888
181,437
182,767
46,933
49,348
64,140
113,602
156,244
76,625
194,536
127,406
158,153
176,140
172,947
192,453
165,822
93,972
19,71
115,791
98,527
125,436
51,598
57,393
12,550
108,867
70,685
45,825
87,351
184,176
89,833
85,575
59,537
84,975
189,597
13,546
87,517
48,25
96,900
96,334
188,306
79,173
160,312
173,225
95,911
15,451
80,390
78,861
90,963
169,180
90,194
47,346
71,892
161,991
67,160
188,907
178,26
158,595
46,693
14,255
114,845
160,623
153,333
164,49
1,431
136,906
99,210
25,174
108,423
174,448
77,69
197,571
28,673
109,267
17,926
152,872
4,132
126,579
33,123
188,947
177,405
38,174
40,162
184,341
64,169
142,859
100,298
91,690
140,244
100,686
16,110
11,111
94,993
139,282
109,69
74,986
37,119
199,676
90,283
4,893
104,577
76,879
184,619
108,658
44,630
164,90
181,864
76,771
18,250
62,73
22,886
138,116
113,506
140,310
102,42
130,552
47,935
149,655
5,812
149,43
94,630
50,151
74,393
167,4
98,776
188,274
70,547
38,349
1,578
3,240
104,897
168,401
89,699
55,914
173,639
21,174
82,312
183,704
197,174
18,662
1,168
95,596
42,38
57,192
108,736
69,225
200,958
86,351
38,856
29,126
20,743
112,83
150,997
194,945
110,802
52,393
9,771
175,512
76,871
114,311
171,683
143,6
52,188
18,506
18,846
11,141
149,549
135,107
126,636
71,397
111,736
108,69
60,276
63,754
148,703
71,258
17,482
66,988
25,554
46,452
155,813
191,355
148,16
45,616
21,267
187,779
105,878
91,866
136,564
61,411
6,706
197,560
179,693
79,558
8,66
43,540
56,785
43,533
133,294
175,217
31,25
52,497
43,237
177,506
150,37
13,192
67,248
71,500
45,553
45,626
95,77
110,535
5,971
151,728
164,477
112,94
5,298
194,755
41,500
50,677
169,991
23,954
28,736
129,335
90,37
30,616
94,507
140,411
18,788
28,341
105,377
103,340
123,492
149,239
136,369
172,144
193,654
63,106
66,121
54,492
136,350
48,533
97,650
117,279
181,764
119,736
191,196
123,756
125,568
104,9
75,88
76,709
181,671
71,220
12,148
84,215
21,401
8,223
86,741
152,655
127,778
9,256
138,806
79,618
114,761
130,994
58,436
131,954
154,741
147,263
7,148
15,750
18,899
10,911
197,904
171,287
197,27
35,609
70,770
162,340
200,205
48,171
10,805
141,200
8,550
47,671
10,194
150,832
128,789
48,356
139,71
53,171
164,394
2,933
31,418
64,258
103,178
137,571
53,45
12,699
107,852
173,536
94,285
20,846
103,218
40,797
117,251
122,138
102,890
86,595
7,716
143,237
6,388
84,306
193,966
74,215
85,913
22,566
197,1000
138,33
172,553
87,470
29,178
191,711
25,371
175,267
54,478
6,869
9,810
79,278
187,948
122,77
72,281
18,877
173,135
170,424
128,373
132,320
124,985
96,928
191,270
39,878
85,507
167,118
35,740
59,18
187,797
185,24
170,994
100,600
80,92
155,369
151,385
55,393
68,425
156,706
163,139
168,272
158,226
161,522
97,551
200,160
19,759
43,233
69,111
163,648
85,885
170,259
71,702
62,781
75,391
19,93
59,185
132,384
68,915
116,707
157,732
85,488
164,122
153,663
150,750
157,895
91,5
132,735
34,289
10,838
180,77
176,406
88,21
38,273
41,250
86,558
183,508
128,326
82,571
70,487
50,483
149,885
13,627
110,426
102,581
85,258
137,928
71,997
83,870
46,625
50,284
188,132
16,761
139,880
114,498
95,114
172,804
15,573
51,450
115,896
38,119
52,483
191,748
100,982
129,939
198,522
75,923
116,535
76,474
157,701
143,413
91,28
160,2
77,499
46,995
104,6
12,72
80,896
42,1000
13,346
105,691
69,235
72,4
178,565
163,644
132,391
38,963
107,999
60,216
148,859
85,554
54,821
126,736
126,390
39,549
163,486
142,461
70,689
126,877
13,676
113,184
64,29
125,162
148,967
111,578
13,136
10,228
91,126
156,938
32,968
38,247
114,251
55,818
169,384
46,69
145,966
176,612
111,123
125,940
63,864
161,166
59,896
119,590
108,706
1,429
90,330
22,832
85,547
187,904
189,680
93,115
8,629
185,41
32,948
182,743
29,899
7,414
81,908
100,415
188,927
97,396
190,939
99,710
43,117
17,529
146,129
171,607
89,580
40,147
187,927
110,213
164,473
135,830
14,714
113,190
89,739
155,775
24,286
146,61
74,669
189,713
10,166
111,891
108,60
199,743
150,563
33,164
114,1
161,267
171,774
64,301
37,96
49,747
36,726
46,392
110,557
194,308
200,719
43,266
89,641
39,747
101,65
75,933
68,124
172,838
56,867
32,697
163,482
191,688
128,476
78,470
74,962
157,27
9,837
8,955
15,402
52,475
7,505
47,99
92,83
110,21
198,826
169,522
111,20
6,21
62,409
172,81
122,882
109,912
67,676
41,313
164,419
196,440
86,686
37,496
126,201
142,466
160,207
27,875
15,70
121,287
188,599
163,432
67,654
182,866
56,802
64,623
197,223
125,441
144,872
102,86
99,248
89,268
131,89
134,8
129,253
70,145
148,369
150,518
164,833
174,27
75,74
146,588
116,41
95,196
2,937
88,668
125,108
174,171
111,717
92,777
67,765
200,441
154,937
143,589
183,802
110,962
15,807
186,747
4,387
20,184
2,190
164,117
68,932
41,557
41,235
100,850
141,882
143,475
67,46
133,665
12,902
126,789
87,545
17,231
124,320
109,219
42,349
123,876
120,503
18,136
54,841
54,508
196,942
91,820
148,718
41,966
126,685
60,800
91,750
11,572
77,555
32,976
99,118
24,840
103,478
92,983
166,403
46,576
198,839
90,886
13,43
29,52
2,843
200,91
76,115
13,566
22,225
8,639
18,264
162,945
128,20
124,244
178,245
186,258
77,12
194,97
96,145
118,742
122,371
148,733
105,413
73,80
44,440
123,847
44,677
29,258
31,783
68,148
182,298
61,280
146,139
36,666
179,954
70,760
69,144
180,988
154,142
111,196
157,738
126,807
60,541
75,213
129,626
12,698
68,487
39,282
11,630
164,580
35,134
95,372
126,302
173,672
141,501
157,44
39,630
11,658
83,911
61,32
82,471
31,407
7,457
159,984
26,668
21,60
21,619
93,767
99,49
119,19
2,785
164,941
131,583
90,992
30,827
105,782
43,280
172,6
172,691
152,319
109,516
23,804
54,372
117,867
179,164
168,690
22,602
135,67
194,10
176,351
155,664
78,612
142,122
63,151
58,616
17,595
176,43
180,134
134,778
38,708
100,269
130,795
178,243
174,134
180,777
26,572
74,866
138,966
71,269
154,954
118,67
105,210
38,247
77,657
22,449
100,429
92,32
82,35
182,64
176,770
195,758
96,856
174,722
49,334
18,233
30,313
49,411
65,908
82,649
77,748
111,575
103,736
14,359
21,468
7,919
59,177
79,577
99,375
169,754
75,64
153,862
27,70
138,656
30,920
180,242
176,7
121,462
107,716
46,261
174,909
159,764
189,824
190,347
132,129
108,433
58,382
101,416
110,264
119,610
84,947
45,356
101,501
171,940
184,693
120,667
75,794
185,605
79,198
177,661
6,848
187,803
54,222
18,539
49,583
133,563
158,419
32,441
30,710
34,76
123,596
180,480
18,91
73,952
143,206
102,75
188,690
3,721
104,270
3,275
65,759
134,975
3,641
131,418
55,220
10,219
53,227
159,619
54,327
27,571
153,801
176,872
146,577
72,744
133,735
95,732
120,443
15,763
17,311
34,53
76,624
114,507
162,858
177,997
98,504
13,672
190,63
137,213
53,965
136,42
112,84
55,309
4,185
179,928
151,897
108,859
41,959
192,191
40,601
56,316
164,4
84,521
62,56
113,984
110,924
33,656
19,113
34,772
54,729
120,917
141,964
97,242
148,503
124,869
3,972
103,41
120,827
71,667
176,867
69,214
135,544
153,29
101,639
132,74
88,149
28,772
123,522
135,915
69,125
18,772
134,535
180,207
28,479
158,794
134,889
16,342
189,525
154,765
200,682
56,592
193,55
100,241
62,754
169,302
81,772
180,454
152,527
124,397
146,120
10,391
95,573
138,937
124,583
7,461
34,691
156,189
105,237
132,576
196,292
132,600
22,983
127,90
35,757
58,964
11,314
106,470
12,541
135,767
117,300
83,101
147,863
91,229
74,875
190,575
38,279
23,718
185,345
7,666
81,168
46,354
113,636
46,567
158,294
163,804
163,527
149,480
167,520
99,78
92,544
112,686
155,876
96,522
194,366
173,814
141,215
58,980
147,967
68,181
106,715
115,799
105,529
61,787
63,577
49,762
71,772
31,516
38,30
62,988
147,397
137,960
97,740
53,151
121,969
108,876
124,964
140,575
24,79
78,50
190,816
43,880
163,673
5,144
197,451
39,410
76,109
125,405
200,236
170,800
42,817
55,780
29,468
38,248
17,238
38,39
35,962
22,324
188,508
69,526
87,156
123,616
200,731
194,670
51,482
78,641
80,805
1,72
5,218
122,875
43,754
190,554
70,802
124,75
47,320
57,865
196,602
178,207
158,654
179,849
185,567
180,506
156,788
184,888
175,146
148,964
46,676
109,22
116,312
127,535
55,344
87,128
12,387
41,854
184,539
82,660
118,282
69,386
111,615
169,242
42,738
51,830
192,237
4,419
23,106
122,503
199,891
151,603
10,391
90,218
154,426
141,203
194,387
54,705
191,820
188,603
24,219
199,808
71,132
36,802
129,703
171,605
115,896
160,754
76,5
187,332
146,621
182,270
117,544
23,232
148,29
7,571
135,599
195,655
131,48
71,818
89,9
190,783
124,403
66,291
160,208
177,383
163,199
95,691
17,343
46,76
38,695
2,723
145,337
199,394
107,473
183,633
109,718
72,876
127,290
176,88
145,268
173,971
66,708
93,738
182,729
39,587
75,315
94,503
112,717
56,576
17,368
3,856
56,285
110,977
165,958
116,364
146,959
164,680
156,689
40,508
32,421
127,564
53,635
14,354
114,115
159,719
143,443
58,699
87,439
88,551
18,445
101,599
188,192
156,636
20,970
45,359
172,58
81,273
80,757
126,344
77,967
189,150
140,832
41,706
23,68
46,578
109,723
152,628
144,965
139,45
105,571
92,55
115,112
12,220
28,901
18,803
151,586
36,796
75,373
134,490
176,84
145,783
44,858
181,392
127,539
16,545
157,561
130,5
30,765
197,414
89,900
14,42
22,62
87,6
43,85
103,323
194,40
73,472
138,450
30,856
25,441
84,407
38,264
77,767
5,712
104,132
39,124
143,350
107,91
155,393
176,616
174,881
191,498
100,329
146,248
183,426
69,722
40,622
101,884
24,825
38,763
5,436
6,503
83,552
187,703
180,822
96,677
152,980
167,42
106,525
153,947
170,905
70,232
189,111
8,21
35,627
101,473
78,257
84,171
50,347
170,766
15,893
73,299
160,587
181,239
66,805
119,760
119,31
20,618
125,391
82,968
136,732
148,33
119,947
30,847
169,90
57,670
32,801
76,957
91,289
145,312
143,678
17,972
148,778
47,645
140,420
182,323
180,262
53,832
88,337
135,933
75,372
108,23
35,671
36,856
79,507
4,369
152,870
38,7
94,150
45,775
22,637
94,15
122,421
115,887
129,924
82,617
28,308
194,845
64,224
102,161
89,218
91,26
168,696
89,984
27,315
96,937
134,699
62,556
172,289
93,76
61,325
143,173
12,817
67,626
29,41
69,679
173,580
13,242
137,187
119,33
13,333
138,373
193,19
114,552
144,743
57,654
25,429
154,211
31,161
106,798
94,450
19,950
140,47
193,570
127,292
188,689
116,311
42,721
123,830
147,29
189,492
108,663
170,225
29,41
159,439
117,130
16,378
90,397
70,948
35,194
130,35
68,229
21,988
101,15
58,875
172,280
101,569
109,435
172,81
23,591
197,45
184,243
59,690
34,488
109,853
135,964
103,219
101,826
42,47
66,324
76,553
4,710
181,936
16,691
48,405
182,217
141,464
39,707
41,371
183,855
75,148
1,681
145,612
58,570
60,708
127,698
167,972
162,680
174,253
59,380
168,673
7,364
150,369
121,424
195,111
15,543
87,421
199,707
138,549
41,87
31,49
108,811
1,455
50,320
164,126
59,690
58,913
49,11
74,551
153,396
24,566
78,522
39,242
94,441
42,907
60,340
143,8
1,595
192,423
85,663
39,588
184,202
99,233
115,878
65,364
81,198
153,694
69,136
143,381
123,116
75,607
151,506
5,303
87,253
26,618
167,896
24,954
180,398
146,631
68,107
154,626
30,959
5,610
142,809
41,635
150,535
26,396
52,740
187,777
47,251
60,821
85,514
144,397
65,959
48,477
132,361
58,601
179,125
43,680
166,572
15,808
67,228
34,302
73,207
181,537
126,512
47,500
130,123
183,633
104,724
53,252
22,167
86,479
138,332
60,453
132,857
111,19
183,611
94,404
57,381
137,417
10,26
41,186
34,32
67,625
167,235
128,361
61,393
45,929
88,339
60,313
108,85
114,945
44,4
60,573
16,634
58,145
131,889
7,732
43,423
15,516
61,8
106,82
45,613
101,917
109,947
126,939
63,979
44,610
77,652
157,497
83,176
129,275
79,179
90,21
8,994
44,861
50,482
81,149
172,264
98,484
17,306
32,748
170,221
118,484
184,68
183,382
141,970
7,910
81,699
164,244
123,989
86,154
73,765
64,190
128,616
188,673
192,107
154,756
190,285
142,687
8,591
91,35
134,840
42,342
172,49
75,25
38,248
113,631
107,868
2,841
111,157
171,20
3,361
56,282
114,676
125,135
16,759
4,31
186,857
200,89
42,563
94,899
145,114
82,391
200,707
86,282
13,279
166,817
72,922
111,508
55,321
114,73
111,323
164,296
155,544
189,904
39,7
88,886
93,649
111,936
44,136
161,777
158,588
199,47
33,446
150,150
140,676
71,880
42,892
148,595
122,429
179,862
62,826
109,765
196,991
124,912
32,193
116,997
138,967
160,36
173,80
183,580
166,265
21,358
135,839
174,324
165,406
125,596
14,109
198,884
10,732
113,504
146,699
122,936
3,891
36,878
145,454
77,674
140,416
154,792
134,534
64,612
71,94
139,781
18,718
6,601
94,747
39,890
36,360
127,897
190,756
195,819
188,194
81,745
117,843
109,541
21,451
105,252
105,935
198,377
106,975
82,142
18,597
145,378
69,933
62,149
86,266
86,889
196,993
184,875
121,761
129,446
142,647
83,851
26,573
93,872
33,484
129,509
66,721
160,607
101,684
119,859
5,21
21,1
50,834
21,576
128,851
161,318
14,113
179,305
21,923
186,299
59,758
3,863
31,775
50,726
108,131
31,253
146,412
159,220
173,761
178,714
95,993
112,91
127,969
125,307
166,783
40,518
108,785
186,756
4,984
33,223
182,303
35,995
20,183
71,548
54,503
199,359
185,881
32,944
2,13
200,224
98,431
8,393
67,304
51,424
108,442
136,845
21,362
132,973
166,211
44,212
149,573
85,742
158,930
78,368
50,896
168,182
182,489
56,322
35,348
117,734
112,833
146,842
46,868
166,997
190,429
68,16
16,146
186,53
153,681
102,81
55,465
40,204
97,850
30,322
167,757
141,786
40,817
189,325
83,556
6,234
116,402
72,802
10,603
122,475
99,929
193,540
139,694
21,354
151,599
139,829
4,774
139,685
60,824
152,457
173,475
55,965
148,457
75,35
179,275
195,559
118,320
172,839
146,731
136,55
17,918
29,414
110,284
71,46
111,649
44,517
62,156
49,240
141,925
200,850
105,726
78,386
63,261
59,259
139,285
174,551
178,777
115,630
33,740
194,370
2,904
8,632
105,862
8,79
114,975
3,791
134,541
60,468
19,710
109,98
63,18
127,428
35,586
1,90
171,901
125,968
165,611
24,496
151,879
96,81
200,388
117,842
11,436
50,272
21,876
100,448
146,20
113,888
153,194
67,161
119,313
13,70
29,3
118,795
57,882
125,46
102,27
61,136
112,791
28,288
129,571
132,867
7,853
155,332
29,180
62,16
140,273
116,96
13,75
108,81
153,605
116,497
45,104
140,348
64,853
176,512
71,544
21,168
158,294
111,2
143,514
95,569
106,702
65,413
38,204
108,726
155,1000
13,216
64,834
196,994
138,922
184,4
103,785
7,609
194,551
198,602
7,880
109,554
166,748
128,813
128,943
84,72
47,236
31,248
70,4
190,518
19,931
33,904
64,104
105,353
183,562
149,589
165,514
154,199
156,629
165,636
4,218
4,1000
42,901
196,826
99,871
76,456
96,171
26,271
90,798
2,578
125,338
156,37
62,900
112,78
164,357
175,1
124,430
140,939
178,540
159,222
21,614
60,169
181,114
177,283
3,935
81,988
14,206
24,572
148,796
196,300
74,234
42,228
33,453
175,320
116,662
101,275
156,111
71,893
1,739
199,103
64,676
40,177
52,541
42,321
8,94
92,606
28,691
200,676
13,914
112,231
157,188
105,342
195,902
197,801
197,359
184,658
54,319
148,81
71,385
51,963
96,746
179,274
183,383
52,57
120,232
98,16
154,275
91,454
76,920
56,871
9,128
184,296
78,61
120,30
172,211
126,224
154,606
30,426
135,242
36,650
180,411
19,556
150,512
106,669
185,166
82,623
85,547
133,893
179,698
59,407
86,850
50,553
169,558
94,38
44,728
78,846
50,174
78,703
45,117
155,931
121,922
95,715
123,579
48,827
153,173
172,977
181,833
89,734
158,752
42,135
129,102
195,347
168,347
187,59
178,191
98,89
49,939
197,98
177,938
149,453
183,472
151,485
188,927
146,908
91,847
84,330
29,596
26,122
115,152
52,487
172,871
51,228
165,791
106,726
167,934
9,699
147,344
119,304
109,291
91,327
123,365
44,222
163,802
185,36
89,288
55,850
162,910
157,312
143,721
188,659
56,530
6,119
195,714
121,692
26,178
13,807
72,973
12,183
190,236
170,978
171,842
197,149
130,321
13,48
63,979
146,940
93,585
128,722
138,111
137,923
151,965
26,431
102,668
105,961
174,253
17,748
99,665
99,139
40,602
117,766
184,862
154,122
180,626
133,432
147,378
200,428
80,969
151,604
114,957
77,778
175,740
171,729
83,964
57,249
190,520
158,567
54,250
13,503
64,906
191,293
102,15
71,956
188,953
11,902
167,892
149,239
84,573
44,105
179,944
149,713
56,758
78,877
59,476
145,547
200,78
118,218
122,811
171,880
164,845
46,707
17,218
26,402
108,583
168,228
39,820
35,887
76,563
179,186
63,27
57,497
20,76
165,13
196,490
72,995
97,273
51,203
14,225
149,402
170,791
133,115
47,100
82,666
146,267
174,554
149,61
138,27
55,592
11,42
48,437
43,442
151,895
37,187
64,924
10,819
118,618
78,878
61,705
185,277
29,89
200,285
2,706
111,922
46,685
142,322
140,312
161,180
85,34
81,120
45,121
3,284
129,333
2,178
159,189
11,709
96,624
51,25
94,360
60,103
83,251
192,455
79,401
139,984
186,357
190,639
66,118
112,662
3,299
92,188
133,701
3,23
91,784
155,478
48,594
95,214
171,84
193,618
134,295
56,253
53,210
50,805
177,158
13,809
158,865
184,567
26,31
52,238
143,533
33,910
82,309
49,926
75,140
19,65
141,967
48,99
144,294
122,742
38,83
143,658
102,465
157,972
180,290
7,815
45,455
156,182
133,616
180,584
140,371
43,213
122,483
31,399
172,197
74,903
128,7
106,705
191,450
25,51
90,698
25,497
73,985
60,440
151,652
36,172
124,804
32,414
89,802
38,262
59,191
122,898
110,693
169,29
143,200
57,167
199,935
121,767
4,43
28,806
90,803
102,309
185,268
160,789
72,821
135,873
66,432
42,700
15,861
112,340
9,634
48,802
55,755
112,394
184,328
127,504
44,745
94,126
60,138
58,628
20,66
32,359
33,923
158,522
3,123
34,290
198,644
70,420
59,7
63,647
192,715
150,622
127,699
14,602
71,435
105,35
123,411
34,272
106,295
129,323
58,955
188,697
73,413
174,802
142,361
71,443
195,285
92,644
37,533
79,852
87,682
27,711
52,934
122,569
114,703
200,51
197,996
58,963
138,807
17,2
112,537
43,50
164,790
50,159
148,510
145,241
110,274
117,578
127,306
31,416
122,754
85,538
110,859
16,771
71,729
80,724
167,216
127,921
177,225
128,2
75,817
172,962
124,156
96,117
48,806
121,729
29,778
99,165
176,547
10,773
119,21
76,167
18,793
136,225
59,368
115,125
132,481
57,384
37,36
85,501
165,438
52,896
78,702
156,567
153,535
87,468
177,598
56,796
152,611
193,802
149,317
9,876
51,241
180,377
29,654
198,516
90,968
123,151
137,39
89,980
27,55
163,762
107,633
66,185
44,530
148,453
128,229
132,166
137,471
106,417
148,637
166,992
115,486
98,340
2,28
120,450
38,195
124,154
80,823
171,508
190,849
79,45
164,568
105,300
154,565
153,194
41,924
109,313
66,970
32,489
75,203
184,299
170,468
96,118
145,581
151,367
54,413
76,670
62,488
114,304
11,406
165,112
47,502
52,265
155,775
1,402
191,140
161,263
198,808
107,708
140,81
148,244
54,286
139,173
158,572
192,466
39,735
109,445
37,351
47,278
88,60
26,378
137,213
146,835
200,261
21,730
16,708
55,677
61,286
128,147
176,770
58,453
138,610
181,895
138,303
135,154
160,101
135,494
124,944
135,589
58,491
65,673
48,133
174,958
4,812
167,588
3,867
97,972
158,802
124,813
51,959
25,472
33,51
118,476
114,398
63,387
103,83
136,976
135,203
8,798
3,223
185,941
48,148
155,940
23,364
6,943
151,357
146,809
115,159
156,274
154,858
150,784
199,811
11,298
93,775
140,426
80,761
76,264
86,900
16,210
101,589
99,370
47,768
67,729
177,249
151,50
158,697
73,788
57,716
175,676
59,256
143,591
138,255
194,710
29,737
181,543
140,420
68,408
28,364
40,266
130,158
2,867
163,192
63,491
79,497
29,131
124,684
61,473
155,494
7,3
25,596
121,738
170,80
58,365
14,42
100,327
135,8
117,738
186,173
140,531
93,258
125,981
152,18
124,607
4,795
186,902
96,479
62,256
31,162
141,59
97,396
128,354
162,859
135,431
8,605
66,429
155,130
24,328
196,655
26,601
39,617
199,898
50,753
1,690
90,588
120,467
51,284
188,93
173,926
112,99
101,476
145,675
108,404
16,227
178,129
55,608
191,592
49,847
195,252
121,914
194,335
153,439
167,420
176,260
57,73
164,159
70,38
33,606
54,940
16,63
53,44
164,13
66,769
185,468
57,654
96,442
51,289
50,151
115,244
13,9
131,943
10,312
84,714
60,580
54,915
43,264
15,874
2,312
18,239
106,57
101,831
129,336
33,181
175,738
118,998
197,107
14,69
163,103
165,522
165,53
185,324
186,212
56,86
38,243
148,72
38,613
162,612
139,479
127,105
12,565
91,928
136,824
169,905
44,697
156,965
99,697
114,279
107,66
86,427
180,497
192,51
73,231
73,58
81,182
126,24
193,1000
13,81
43,776
130,247
109,354
85,977
17,733
114,360
129,590
189,350
186,188
50,710
166,709
62,836
37,341
54,934
34,79
110,566
124,608
160,349
157,70
10,528
193,417
4,465
193,794
42,583
74,344
75,693
1,487
134,164
101,787
186,436
166,134
68,236
104,365
68,34
77,600
168,403
45,186
76,881
138,98
1,805
198,112
70,26
108,648
182,968
91,779
78,51
52,422
67,977
34,429
134,792
192,2
99,519
148,862
142,91
15,107
83,839
67,951
162,384
13,263
135,425
18,481
29,386
135,943
174,436
35,761
199,564
12,437
52,24
37,12
57,921
65,919
138,983
179,60
36,214
83,173
55,163
60,657
161,922
158,198
153,458
68,66
60,466
193,365
116,699
191,276
82,774
193,675
189,441
36,356
107,534
191,251
144,272
34,955
39,119
190,8
121,936
164,391
10,69
109,298
55,933
97,431
155,286
177,165
9,257
81,761
41,756
126,234
152,997
137,189
179,790
169,825
185,39
147,780
85,109
56,429
59,199
157,925
49,868
71,822
70,405
99,788
15,184
111,884
83,394
56,547
27,233
84,215
105,686
32,160
7,859
160,123
16,215
198,194
186,445
156,531
87,208
2,25
95,531
29,725
155,904
31,10
38,971
103,855
13,342
80,379
196,249
122,828
147,398
166,446
189,364
10,638
120,630
145,882
121,879
67,309
150,284
106,382
94,827
8,904
197,557
3,70
175,340
197,455
151,811
81,940
195,197
125,43
197,838
19,706
113,100
63,329
181,796
83,300
72,814
148,500
111,734
123,990
26,454
2,251
157,80
151,399
84,874
124,888
122,501
17,80
58,219
195,763
150,654
18,546
86,69
150,93
156,222
52,414
159,48
111,699
123,972
71,983
197,277
27,366
47,52
155,486
27,262
63,819
197,675
142,952
24,909
189,589
174,884
138,776
55,639
146,767
195,896
188,508
48,64
171,636
94,125
43,955
171,520
180,90
6,604
15,391
66,606
47,549
133,326
143,472
127,201
53,75
98,42
131,50
78,16
81,481
128,602
25,587
151,795
21,109
119,435
130,376
179,206
143,126
134,509
156,462
186,294
104,744
112,123
69,109
49,401
93,516
23,632
86,668
71,395
59,951
148,453
64,849
101,744
30,261
118,183
105,15
73,374
169,962
44,928
192,38
2,880
91,104
48,310
63,358
50,128
56,586
97,952
135,265
128,662
193,118
82,708
122,284
172,649
194,269
132,545
182,167
171,592
170,70
193,407
47,409
58,908
36,552
129,827
76,296
130,921
35,71
13,995
196,224
22,247
41,929
39,51
111,502
197,476
53,929
115,56
167,657
165,252
199,787
101,244
174,199
120,474
123,529
118,886
178,245
85,624
126,389
144,741
198,914
56,698
50,316
197,705
75,831
91,295
193,558
125,163
79,983
139,313
195,724
51,54
139,518
195,175
130,168
49,646
127,234
24,621
123,263
175,51
174,419
182,158
158,125
154,796
58,352
70,357
45,699
172,846
197,838
198,605
52,640
9,576
3,742
176,358
1,237
110,375
51,730
110,725
18,718
47,824
109,963
150,233
136,627
134,50
182,392
92,441
108,985
46,968
22,694
166,54
124,668
94,651
131,683
90,687
20,695
78,786
149,146
57,54
97,563
48,534
164,437
30,100
77,998
176,817
148,992
55,169
84,250
23,357
188,282
168,280
158,966
193,733
129,393
14,603
179,813
4,317
15,539
129,707
43,799
48,584
98,80
15,92
193,899
59,671
19,5
61,327
193,398
74,52
80,47
125,747
97,409
8,167
101,822
31,630
137,425
40,875
160,414
196,2
64,166
107,590
189,130
16,809
142,649
58,574
112,573
130,955
10,309
93,66
63,12
135,104
25,947
116,737
173,802
81,762
51,435
58,979
196,527
126,120
59,964
15,632
104,811
3,904
34,101
128,941
60,639
185,826
6,727
146,621
125,68
118,394
178,26
44,190
49,214
54,974
62,871
49,281
26,260
138,471
78,651
164,48
14,936
33,113
38,210
23,669
38,637
151,651
190,809
127,636
105,863
179,889
124,115
37,941
60,533
136,886
116,320
108,900
158,758
4,838
79,312
87,468
164,749
88,629
195,402
16,182
89,480
4,448
48,40
90,471
64,73
78,82
79,978
97,904
191,866
121,748
86,624
128,435
137,209
196,802
162,511
130,125
5,41
153,488
56,652
44,898
26,261
2,496
128,414
116,661
98,399
193,182
26,471
93,994
143,880
167,431
166,641
139,770
108,283
20,877
152,388
143,617
10,516
77,752
34,859
32,7
128,453
110,984
98,837
198,675
60,736
30,861
41,983
28,122
133,689
141,868
72,636
102,171
61,527
104,274
106,528
135,888
196,248
124,787
60,865
190,779
159,750
100,738
33,76
164,161
84,954
131,638
102,356
57,33
1,614
186,748
64,588
65,855
18,385
123,709
192,342
69,72
60,651
130,682
171,20
140,138
22,639
105,623
170,55
99,834
174,883
94,528
78,547
117,582
153,860
181,722
186,339
35,694
20,821
18,190
100,42
63,5
131,901
41,591
76,233
113,597
77,955
105,531
129,901
148,963
37,602
165,916
154,932
95,254
11,387
29,951
180,867
127,517
166,371
22,618
39,45
62,405
153,400
108,535
104,688
167,488
147,761
175,50
42,987
7,165
25,365
58,348
51,372
185,363
56,541
191,412
182,906
107,76
4,779
88,705
120,878
75,138
34,598
190,957
90,816
61,558
119,154
87,129
39,514
133,242
135,709
86,9
199,423
137,218
86,385
189,436
196,753
198,171
139,386
107,715
171,286
43,578
153,275
170,249
138,666
60,52
70,565
160,120
70,574
15,149
80,388
24,883
93,105
142,131
188,594
37,620
159,660
189,64
188,956
123,478
10,13
88,697
29,592
138,79
148,879
185,480
32,735
32,23
153,597
151,967
163,811
77,867
106,110
85,735
74,998
43,383
13,630
84,906
22,133
42,780
8,204
139,103
81,737
146,211
90,596
174,362
182,389
106,6
122,587
88,971
195,47
59,707
143,163
40,320
171,259
77,745
129,969
16,606
185,567
89,856
151,748
51,942
142,745
88,464
51,881
41,688
127,424
111,273
87,790
112,860
60,339
14,121
131,266
183,133
29,93
8,14
39,579
124,705
122,739
63,590
7,265
2,214
142,631
87,314
51,351
163,130
94,917
14,623
163,304
200,259
118,627
200,902
73,48
61,368
7,828
122,162
9,174
69,988
184,968
63,418
79,446
163,601
159,775
7,48
15,866
187,745
196,515
31,467
33,482
129,474
186,894
127,966
155,11
79,774
56,416
56,109
60,358
48,392
172,574
174,859
67,166
51,802
119,642
98,262
176,803
109,245
171,648
73,283
173,449
68,163
189,804
117,689
140,637
157,974
53,200
183,176
86,592
29,592
32,494
162,394
107,906
132,106
161,220
170,667
79,457
103,522
103,692
147,544
180,165
10,385
111,132
26,520
84,419
64,991
46,786
84,686
64,819
189,362
95,763
9,369
133,184
171,371
34,674
159,215
82,373
199,127
112,443
100,842
8,334
184,185
112,300
110,710
133,379
47,371
83,379
13,361
97,78
8,438
27,491
45,599
180,982
63,901
171,83
110,687
108,259
62,838
23,703
73,350
69,688
26,489
121,653
128,701
120,611
135,1000
91,635
137,148
195,21
121,615
59,800
36,236
135,372
36,517
80,577
177,953
68,529
107,969
48,36
116,500
43,26
69,446
58,705
25,404
149,690
51,355
117,596
130,958
151,231
17,338
175,889
96,224
164,376
169,454
198,874
171,304
86,447
32,223
185,563
126,363
108,596
54,874
23,590
128,57
88,804
56,137
188,50
117,711
23,543
133,887
83,953
116,492
180,261
12,628
172,70
25,353
134,659
189,366
20,159
110,202
52,295
7,204
138,780
2,628
185,185
181,280
176,464
166,771
101,265
34,669
27,26
6,30
178,877
121,109
161,352
53,459
84,999
99,891
138,50
175,990
10,491
22,654
49,728
9,575
92,356
90,565
108,105
79,169
49,82
169,501
44,543
111,720
120,969
139,152
93,21
12,906
144,867
77,522
191,288
72,937
112,74
100,689
111,413
67,651
148,316
130,225
136,191
132,756
20,953
42,91
135,294
21,597
68,948
91,421
106,809
116,446
121,201
120,798
124,908
193,837
60,811
108,499
10,895
47,205
137,495
132,336
91,297
166,460
145,338
184,771
166,928
136,216
177,864
33,215
26,923
14,119
161,407
89,253
114,226
14,456
91,359
75,440
106,506
147,146
41,972
13,369
70,459
138,232
85,355
68,495
67,410
191,736
146,495
102,5
100,330
52,947
17,183
57,210
38,171
38,121
183,73
113,822
191,484
130,343
121,354
63,327
4,467
72,928
7,512
161,601
200,479
106,203
66,670
107,796
117,738
160,783
196,286
50,906
70,553
11,730
75,719
7,45
177,685
27,577
6,509
29,538
44,457
178,221
61,512
9,792
34,633
13,786
24,478
129,616
120,818
159,986
116,699
168,399
94,713
22,78
7,970
63,589
34,721
148,477
140,421
149,282
128,636
49,100
144,393
65,934
147,617
100,345
83,871
19,792
139,768
197,559
53,698
91,363
23,239
103,323
72,785
48,877
174,136
2,715
132,592
118,998
8,407
113,190
85,544
173,390
85,175
146,839
80,707
23,441
85,344
186,871
56,864
154,286
57,180
168,384
48,263
148,726
115,663
61,666
98,547
30,528
144,897
169,358
86,172
63,56
171,235
1,167
122,110
78,973
190,245
44,664
38,988
189,549
94,308
178,354
177,652
58,524
96,245
107,134
33,148
114,696
90,576
157,509
7,748
157,979
103,412
84,471
99,158
192,120
145,365
107,724
17,257
151,500
174,297
97,417
198,478
97,31
137,420
5,366
200,94
103,182
132,965
71,575
108,770
54,394
50,415
177,721
138,118
112,437
78,574
60,905
4,868
125,744
1,296
118,219
49,116
83,243
190,873
100,818
82,672
41,439
85,676
186,146
187,609
162,199
158,257
79,999
149,499
127,173
145,554
191,177
21,800
64,738
49,414
139,166
160,778
154,782
125,753
181,169
107,464
35,265
51,363
88,53
35,602
72,690
15,95
14,190
142,635
117,948
12,838
3,886
9,56
96,746
7,141
2,674
173,484
14,765
31,475
37,213
50,322
141,784
186,865
41,510
169,663
49,217
16,807
12,687
37,915
105,91
37,451
117,989
47,797
112,297
174,31
73,640
29,824
75,11
37,453
103,204
193,560
19,590
20,374
183,505
115,322
114,540
107,640
9,998
160,567
121,75
171,351
166,854
192,657
185,388
89,138
50,99
142,584
9,249
126,884
64,228
98,669
48,210
53,570
153,917
4,277
189,91
124,182
52,448
77,918
160,343
150,25
126,395
129,64
73,70
114,760
130,179
150,251
136,216
156,991
178,461
49,159
197,831
18,480
57,386
42,578
135,472
191,957
11,674
177,951
34,468
88,321
59,224
111,286
60,279
165,950
198,354
192,416
113,232
131,600
149,356
18,364
116,688
171,189
16,426
58,644
56,793
129,328
66,839
91,555
31,389
32,58
103,401
38,633
124,739
85,213
159,216
148,574
192,554
42,131
52,292
14,619
67,302
155,347
187,50
130,613
91,715
126,114
68,966
43,558
175,416
70,405
148,512
41,142
62,361
171,705
123,801
153,108
106,364
79,889
143,676
193,73
175,907
128,915
90,175
104,365
194,258
130,210
109,787
167,391
66,112
81,581
171,326
2,826
116,227
183,506
16,493
156,416
7,506
86,71
54,556
13,194
145,896
173,612
198,503
104,234
6,125
8,980
60,817
40,103
48,65
47,938
62,945
94,729
190,414
183,976
130,128
50,557
17,940
133,977
168,311
17,177
49,568
47,483
52,371
70,194
69,243
145,994
48,188
66,582
32,427
100,762
166,935
64,302
27,263
31,944
90,386
161,18
83,376
95,847
56,195
45,612
45,541
63,31
69,221
81,229
154,874
48,689
45,563
141,711
59,131
34,833
7,786
67,548
173,863
103,35
115,439
158,66
90,530
143,667
10,20
53,40
90,758
181,698
101,785
114,594
13,420
150,596
117,774
82,305
31,774
106,957
173,631
145,774
97,37
60,735
109,125
47,416
188,215
193,633
62,438
33,250
116,497
72,94
199,859
108,114
59,589
69,647
67,569
100,574
87,870
143,193
111,759
133,79
131,625
126,285
56,382
105,708
91,737
158,414
115,132
45,898
152,918
151,743
122,229
146,15
136,822
2,687
16,866
107,834
104,998
163,257
130,205
143,950
32,770
30,538
92,876
49,699
74,770
67,295
162,152
1,418
147,404
131,413
172,984
169,662
60,109
66,613
60,616
117,193
163,383
90,156
106,329
101,729
188,291
9,964
57,721
151,131
73,886
10,290
39,131
178,197
81,332
161,32
151,720
170,157
66,406
175,831
199,756
71,973
61,15
58,966
146,460
193,873
55,188
8,643
90,311
51,692
12,594
161,490
186,642
35,254
125,569
156,274
6,554
34,39
182,201
115,820
61,866
195,423
188,368
133,576
116,29
89,917
36,144
188,143
184,884
80,730
83,215
34,732
141,582
126,703
63,753
144,927
48,425
189,618
93,30
152,180
112,121
58,542
109,752
88,98
122,972
57,802
95,831
83,225
122,1000
168,202
77,250
82,65
133,971
137,546
37,155
14,219
137,990
37,36
105,155
48,633
42,35
132,996
57,280
179,217
164,118
17,948
134,281
139,192
140,42
144,372
161,313
115,581
140,73
170,158
9,851
178,922
56,546
86,228
98,177
192,406
87,968
144,106
94,539
40,721
11,818
23,980
184,28
48,938
57,480
62,455
152,520
94,831
79,223
150,981
32,747
71,189
196,318
9,898
192,275
118,121
128,423
10,246
193,764
32,352
123,333
162,353
32,600
18,951
162,335
154,505
46,172
111,990
28,712
182,245
163,193
103,221
51,781
121,494
24,76
100,700
132,122
170,831
26,404
120,507
88,923
128,519
150,330
24,234
21,49
71,896
175,957
108,249
197,871
47,799
105,597
185,493
93,973
48,103
103,752
131,259
170,325
143,603
200,248
185,423
183,908
179,573
59,481
10,492
169,19
133,713
31,991
17,790
8,265
120,985
124,283
87,1000
169,685
50,315
166,315
111,455
37,877
47,527
21,933
21,90
191,407
87,446
15,574
94,575
79,481
180,375
78,948
3,802
127,511
70,248
13,441
66,125
11,574
118,274
173,717
46,348
5,747
200,279
50,815
123,812
96,503
13,273
94,101
186,710
91,462
127,419
97,624
136,407
81,65
70,19
89,754
148,856
50,451
107,496
121,551
138,182
167,308
157,622
181,827
17,211
145,670
186,552
141,198
108,726
16,478
68,781
2,354
180,312
156,904
1,697
65,917
164,509
92,736
170,207
96,956
119,97
82,387
91,833
190,76
150,380
145,348
89,739
5,93
46,673
1,967
170,966
144,9
107,980
132,63
124,509
37,14
25,746
166,202
175,317
15,122
195,495
188,505
72,818
33,626
184,103
161,19
188,576
121,488
116,645
34,379
129,700
104,555
56,32
193,32
83,765
199,77
79,706
35,688
134,189
116,702
168,469
78,587
96,443
37,73
101,259
152,54
4,677
60,19
157,745
192,644
76,189
34,283
10,266
56,499
200,815
89,765
141,666
12,641
147,126
50,467
129,648
163,559
147,128
17,390
180,759
119,740
167,922
24,611
89,256
127,989
119,562
55,959
182,670
76,383
119,927
8,282
35,704
168,416
14,647
114,776
126,999
186,628
194,475
166,977
144,749
5,599
18,984
112,512
136,740
174,276
61,190
40,60
29,598
141,621
72,458
95,842
176,361
36,664
66,801
146,332
178,7
41,984
71,45
21,761
71,892
40,668
152,89
93,244
176,88
200,209
190,526
6,817
27,405
9,80
151,330
22,400
195,831
194,94
34,882
27,727
168,143
124,971
187,652
124,76
165,262
8,851
40,904
151,662
44,174
70,504
10,631
65,773
178,45
95,907
79,160
194,780
49,610
44,65
139,132
28,152
82,336
112,779
158,681
70,452
142,491
52,103
24,340
90,448
200,761
49,862
47,631
80,554
48,431
88,256
29,211
85,545
89,955
8,361
119,299
106,281
56,372
47,830
26,20
162,28
45,513
123,537
88,408
115,369
86,787
111,604
183,617
26,687
27,272
164,209
45,303
139,570
24,156
189,364
94,334
17,731
34,848
160,35
160,501
74,387
188,644
133,710
175,192
45,16
184,570
95,296
195,535
146,441
174,525
153,38
171,697
41,777
125,766
44,199
147,811
29,562
100,924
17,415
170,591
91,177
14,550
90,789
161,272
85,214
171,728
14,39
54,962
14,277
164,630
69,446
70,903
93,959
66,233
131,902
175,350
126,958
173,712
16,996
199,244
177,213
29,466
159,670
106,164
154,127
26,960
27,928
102,66
24,840
68,533
151,669
188,683
152,973
95,613
84,186
102,677
88,532
200,501
171,728
22,851
139,117
25,966
12,159
22,707
103,865
138,148
71,239
55,152
195,915
115,894
20,455
184,414
151,601
94,356
33,465
174,87
19,146
169,40
32,188
160,828
198,178
2,750
166,868
113,656
14,935
57,110
60,195
138,800
145,794
12,808
11,662
145,712
197,21
164,947
156,776
25,357
67,634
108,814
127,751
125,585
91,128
40,329
146,325
148,279
91,263
156,689
146,12
2,653
53,878
197,293
87,69
84,724
151,331
59,981
184,251
148,951
51,927
102,856
90,398
198,404
160,63
153,162
58,763
110,276
4,425
66,865
58,317
63,51
27,342
5,558
100,205
18,784
131,762
7,446
166,678
38,500
105,400
2,287
63,193
187,452
199,354
59,71
11,221
135,920
138,570
59,472
56,783
113,41
47,260
68,687
186,966
17,776
99,599
136,20
126,246
178,559
195,344
143,262
36,575
46,464
99,152
165,245
72,450
113,308
145,303
127,297
105,404
189,673
13,64
25,50
57,932
177,653
113,884
24,999
186,353
188,986
170,382
137,302
99,11
131,566
95,322
172,203
113,572
197,607
65,389
165,224
69,247
74,136
113,514
38,221
191,548
180,411
5,138
107,642
117,669
33,539
4,294
190,185
39,802
162,414
74,731
175,316
41,883
195,835
138,758
95,536
69,146
152,465
42,883
178,698
70,784
163,703
22,907
130,929
132,590
192,199
139,490
34,500
6,976
164,786
123,961
149,684
177,806
61,415
112,376
11,87
191,979
32,573
15,294
107,830
66,694
71,80
142,734
13,557
174,256
127,127
141,85
72,409
123,994
127,375
84,708
94,225
151,907
87,12
193,956
124,198
60,833
11,55
120,478
183,253
48,571
144,865
117,213
20,518
29,405
96,854
52,316
151,927
9,603
182,794
139,74
104,311
101,768
164,675
194,9
9,561
91,482
2,326
158,177
147,724
183,736
69,601
156,814
178,310
163,888
93,627
15,420
23,143
161,131
196,260
154,989
134,236
107,291
26,410
146,265
166,649
133,65
53,727
23,341
172,462
44,643
93,934
46,76
78,160
98,454
164,130
18,132
187,614
121,74
117,235
190,733
49,930
172,989
19,20
6,714
99,974
171,459
175,694
60,881
22,599
188,747
78,617
180,170
92,62
33,506
44,645
71,162
182,318
49,137
170,967
116,108
19,632
143,832
54,906
115,952
111,535
134,905
132,667
167,234
137,887
161,624
40,338
111,616
112,610
4,436
155,88
32,746
173,303
167,342
166,761
100,525
177,936
146,645
144,882
167,338
12,859
112,451
162,855
123,260
94,313
193,245
163,127
187,902
41,867
95,873
187,377
109,436
83,373
58,97
17,449
79,891
92,265
120,122
73,380
130,359
180,896
90,237
70,882
162,219
148,995
115,378
87,705
90,161
49,400
177,205
63,724
168,35
60,979
17,604
108,5
158,741
173,17
128,480
182,127
68,764
194,953
116,589
77,51
14,957
13,442
66,396
147,667
178,618
44,451
141,502
146,546
199,185
104,250
176,316
166,822
134,912
189,837
99,594
198,313
36,730
16,94
174,62
116,992
194,123
72,599
49,593
49,804
44,896
101,348
3,584
21,649
26,160
43,767
167,172
26,421
100,11
180,188
169,545
33,888
103,344
148,558
72,466
153,866
199,250
194,775
59,137
81,306
162,101
99,120
62,959
194,82
58,467
23,286
88,355
64,21
84,208
115,590
32,500
195,910
108,428
142,642
73,815
175,880
36,129
16,240
37,602
181,597
46,324
4,859
114,282
140,297
177,171
191,36
102,360
104,62
136,84
57,267
193,199
72,69
3,280
55,927
85,589
88,867
16,197
16,966
12,173
144,569
51,597
19,366
104,356
104,480
84,80
152,903
149,641
157,973
166,332
104,59
21,236
73,486
95,951
159,728
144,857
81,453
40,554
101,64
96,391
12,927
137,905
140,122
127,223
157,824
46,148
112,2
99,108
119,978
128,967
149,137
158,517
193,705
73,145
51,686
104,736
157,721
126,526
78,346
163,712
145,765
31,73
112,687
184,181
43,325
175,711
52,612
175,338
172,482
169,811
153,957
172,436
167,320
173,379
93,369
65,659
127,309
4,756
74,516
189,946
92,12
51,276
93,421
43,882
146,470
42,79
110,542
77,469
19,665
109,723
87,401
15,463
182,704
20,891
178,990
115,950
155,1000
140,221
34,216
79,424
61,708
90,594
13,477
165,53
197,106
72,46
39,545
84,858
166,337
181,576
199,416
25,855
55,315
103,548
39,631
95,543
62,233
187,157
88,871
87,397
127,276
173,614
158,882
64,398
78,52
70,185
86,288
52,458
113,162
188,929
80,380
98,27
177,745
78,69
56,65
107,751
117,914
141,589
144,112
157,305
19,476
28,475
4,605
3,504
37,377
173,362
155,579
65,1
13,291
137,920
196,988
91,82
107,760
54,809
188,465
101,398
161,865
82,391
81,919
32,643
197,186
32,693
118,31
183,746
1,782
8,525
58,698
46,530
68,758
24,716
104,177
148,693
91,718
140,972
183,570
123,409
75,124
185,162
153,730
148,75
118,86
109,461
127,150
139,533
113,997
24,865
196,550
42,211
191,501
153,279
159,257
147,187
94,192
171,322
139,809
139,552
46,399
184,465
52,621
136,8
48,120
149,714
81,424
48,857
24,867
19,166
24,38
98,785
1,222
89,942
51,990
199,835
184,162
69,220
39,743
79,818
67,171
65,224
118,742
35,583
34,48
14,145
159,957
63,834
178,935
108,139
138,176
26,803
89,216
131,515
40,331
146,252
55,840
159,290
94,974
120,997
104,405
128,210
86,164
87,870
36,172
6,733
49,691
178,449
48,727
125,487
15,452
78,531
3,627
160,131
169,49
60,296
153,844
160,431
19,478
132,313
10,699
111,151
14,601
180,879
88,349
4,652
109,823
34,823
17,657
184,713
87,222
25,448
98,590
14,517
32,584
180,193
14,476
13,689
48,121
112,776
121,907
197,91
15,641
199,400
13,527
34,521
17,569
117,386
143,608
46,823
59,679
145,316
66,643
155,55
185,284
22,777
137,2
119,569
75,151
192,403
23,360
171,331
141,840
43,849
18,606
93,924
143,603
195,440
10,707
80,614
24,553
96,592
107,664
34,681
177,136
38,164
165,911
108,7
95,400
14,904
177,159
70,115
89,634
39,865
40,896
118,64
134,142
7,64
148,970
82,461
35,516
6,36
150,923
191,239
134,161
22,558
74,923
199,284
69,7
48,181
153,959
164,880
60,468
6,442
152,444
111,476
30,428
76,388
123,644
30,382
19,234
2,779
142,327
111,430
27,408
61,659
130,566
10,696
129,146
104,574
107,336
8,869
5,856
19,798
159,349
107,836
47,56
101,133
147,95
124,236
52,23
121,904
33,360
103,275
65,442
64,588
62,75
128,592
24,696
5,504
95,532
181,326
33,37
82,963
163,535
52,7
20,526
189,662
188,230
109,243
36,12
188,134
83,915
114,166
166,575
171,463
131,940
162,43
70,748
162,973
154,289
186,595
29,729
99,794
41,454
39,459
146,543
26,728
7,84
95,385
43,171
98,509
16,761
45,334
4,179
183,288
197,631
168,315
154,734
128,911
56,46
139,119
2,581
120,874
161,888
186,791
47,118
100,674
177,249
144,310
164,858
93,210
51,384
178,968
173,855
7,539
146,763
9,588
58,536
123,9
195,244
144,87
196,427
85,226
45,886
8,800
178,445
151,290
37,867
39,167
194,204
48,12
125,426
83,242
80,438
97,660
115,31
149,972
93,659
27,267
168,100
4,334
127,977
117,139
57,206
15,575
99,563
120,383
91,4
136,592
90,817
107,415
89,629
73,404
187,672
134,369
81,934
75,684
128,951
70,733
86,8
196,67
148,892
152,846
180,802
169,748
136,341
119,480
107,832
129,901
47,695
1,76
23,926
158,911
85,491
60,693
92,503
26,904
97,888
147,420
71,267
34,389
182,166
8,309
55,241
10,951
48,999
44,537
101,114
49,280
172,392
165,285
118,103
186,755
66,314
53,19
87,896
23,312
159,204
196,288
134,344
127,783
96,7
30,582
31,623
80,869
17,325
152,132
177,216
180,841
146,725
162,762
190,350
129,357
14,790
147,185
152,543
150,426
192,89
183,469
53,670
157,308
105,234
179,248
139,411
124,677
59,678
102,909
130,202
51,263
7,793
2,18
105,232
41,31
67,386
154,869
196,778
56,813
38,777
54,364
171,821
34,874
16,150
174,58
44,585
136,983
19,66
145,622
149,269
199,566
38,884
163,243
7,974
107,608
96,952
27,449
9,730
28,132
172,696
185,128
107,776
45,211
190,782
102,208
109,120
73,665
131,207
24,802
166,295
177,134
175,406
140,735
79,153
120,915
82,864
182,999
175,402
144,542
74,581
108,801
147,966
106,596
122,273
5,451
74,992
35,179
189,136
46,232
94,343
6,954
164,640
178,230
30,954
88,133
199,966
129,550
159,109
90,318
61,256
4,483
101,66
196,995
97,191
89,157
4,643
127,76
15,968
199,979
103,307
82,133
93,712
13,207
150,530
56,296
2,688
172,636
108,161
177,597
73,139
15,799
52,666
37,109
49,914
10,214
114,99
66,386
30,922
199,499
95,878
127,887
147,412
155,4
39,825
126,167
148,554
152,485
85,195
159,107
105,92
116,881
103,496
174,408
3,848
20,321
185,770
24,943
27,928
84,666
61,495
24,706
123,862
161,218
161,136
49,842
129,908
171,296
113,256
110,712
23,10
169,209
117,91
162,586
95,128
137,784
200,584
113,489
46,877
56,718
3,528
87,350
41,784
182,774
1,459
90,209
167,228
65,516
150,33
16,828
86,933
19,694
32,177
36,207
46,656
76,407
25,213
140,344
26,380
150,68
149,539
89,571
138,486
178,334
36,804
163,706
13,298
74,670
120,191
119,873
29,958
169,882
76,667
135,597
128,446
96,742
181,441
88,377
18,1000
53,467
46,149
180,509
16,325
170,994
16,4
182,89
172,489
108,247
44,440
187,136
65,477
196,886
196,621
85,578
131,886
139,946
35,798
94,697
162,251
71,225
29,717
133,437
11,72
118,854
2,382
134,345
47,705
83,57
8,340
133,716
38,287
41,343
124,998
32,932
28,457
131,937
111,321
115,58
1,293
91,245
36,949
84,135
194,674
74,743
148,210
43,132
74,2
12,272
151,619
61,698
165,294
71,617
152,90
82,529
179,522
88,54
96,126
49,462
76,451
51,875
194,521
72,470
58,938
103,586
104,663
143,424
182,828
105,119
169,278
81,237
99,237
25,483
195,382
51,210
33,302
197,424
11,974
48,192
29,622
187,496
9,699
1,90
104,138
125,465
56,957
116,333
15,618
188,752
147,148
75,802
26,339
75,33
61,985
8,500
167,453
119,756
106,52
14,720
114,331
108,583
119,388
158,591
2,739
152,565
91,844
14,154
151,353
195,879
157,687
35,556
92,749
36,220
127,116
87,125
132,140
185,825
58,445
115,364
36,266
75,341
155,3
163,258
159,718
169,708
82,88
173,288
164,583
41,163
127,476
26,508
21,145
39,804
31,193
24,659
184,318
18,751
189,167
70,378
77,397
3,238
121,693
75,193
19,380
49,510
167,642
49,434
177,219
154,963
32,771
45,502
5,715
181,580
42,614
7,552
47,817
107,144
133,681
122,620
87,849
168,269
45,653
172,725
182,562
102,808
142,946
95,46
198,606
154,586
73,957
48,93
11,591
74,276
1,476
145,101
65,972
115,765
89,500
99,807
112,824
16,391
139,615
106,911
170,909
22,725
36,510
164,62
145,980
118,39
3,375
71,107
13,91
178,463
200,880
50,376
144,266
23,22
108,63
68,993
63,254
126,208
185,845
187,177
47,362
112,616
198,424
39,417
36,120
36,574
179,117
21,64
29,56
68,27
129,388
175,560
61,689
7,159
174,581
192,982
46,841
140,109
149,462
161,735
171,80
69,338
156,594
116,425
64,427
102,571
162,930
29,887
105,505
38,134
173,762
15,283
149,136
77,146
161,137
76,375
146,376
45,14
35,314
186,759
71,735
71,332
180,476
82,296
15,127
188,772
9,614
145,555
147,928
8,273
193,922
20,499
32,910
119,731
30,459
179,117
162,787
59,66
189,383
79,523
187,560
70,228
39,759
31,745
98,550
98,956
157,543
150,804
49,334
97,878
197,678
19,735
150,667
87,905
82,154
174,829
150,672
84,572
189,757
171,299
126,545
24,420
76,322
189,306
198,961
14,964
134,713
68,987
32,913
106,451
72,825
31,66
54,750
87,135
105,163
42,625
71,561
31,386
134,413
180,138
151,135
176,152
98,847
75,882
59,634
55,651
26,149
141,728
54,530
62,491
183,31
97,545
8,606
6,936
51,727
44,261
200,367
73,787
150,64
153,210
68,17
83,152
157,654
134,340
112,418
46,430
151,233
155,78
113,219
120,754
118,912
39,105
13,681
161,902
100,47
119,747
43,441
100,731
73,65
16,566
7,837
181,241
95,766
137,590
176,73
198,379
174,309
98,489
69,302
100,338
89,137
97,142
159,551
141,505
12,548
8,774
73,165
71,368
169,698
150,2
24,332
70,482
185,992
119,863
69,512
178,289
105,118
99,814
11,260
84,468
135,777
51,110
188,706
161,377
147,888
54,678
116,69
179,86
63,528
24,653
40,696
158,605
96,528
113,497
83,576
87,722
24,288
165,939
174,886
167,745
52,613
21,798
66,558
90,988
126,130
126,769
8,873
141,247
32,765
34,707
58,523
16,582
81,683
13,624
84,628
67,848
173,527
177,38
189,500
186,243
102,987
158,789
151,939
1,795
165,341
86,154
191,913
194,875
163,863
170,617
116,894
185,502
162,880
115,857
7,27
63,262
57,424
123,556
51,702
145,446
200,841
185,27
63,488
119,897
89,965
33,301
86,999
145,217
102,231
59,379
124,612
98,46
123,67
57,626
158,240
113,517
61,178
132,117
147,570
159,757
16,17
103,767
197,281
3,42
199,573
143,472
91,801
75,413
181,512
136,925
124,735
8,334
91,847
14,470
127,646
95,927
93,267
29,380
109,516
113,470
13,938
123,170
181,260
181,889
117,368
30,194
157,777
167,337
107,784
19,22
20,700
170,105
8,207
86,531
90,444
149,358
169,919
198,694
159,391
78,420
143,80
5,964
44,899
65,169
100,751
133,472
181,218
3,792
142,416
200,891
24,581
22,531
30,298
165,86
176,803
163,999
99,448
25,591
91,589
140,806
197,337
18,326
149,261
138,258
62,823
156,73
144,655
161,609
63,177
188,776
82,49
46,746
109,626
101,860
142,738
49,480
132,619
49,638
118,157
48,582
143,507
35,845
77,46
52,259
16,293
50,794
142,267
175,503
48,571
42,462
152,469
39,294
66,133
136,380
107,388
24,188
12,524
27,376
42,750
68,293
161,469
57,600
152,308
12,107
92,998
74,650
120,307
156,250
116,116
87,330
40,395
9,837
23,702
126,600
92,76
136,496
15,687
160,492
198,978
62,951
87,879
38,268
180,852
34,932
164,307
149,844
148,295
137,6
81,236
87,4
25,216
8,150
11,16
145,969
143,883
34,686
161,199
117,572
110,349
22,900
77,265
9,37
67,501
155,592
5,497
11,331
131,43
24,408
10,583
123,910
47,255
147,752
195,601
171,99
89,616
150,445
1,753
184,548
73,427
182,430
125,813
70,824
8,869
66,583
79,895
96,60
167,754
34,590
163,350
179,848
178,346
149,859
117,563
163,702
164,789
34,98
7,682
175,946
164,83
180,970
102,893
11,854
164,142
198,666
153,570
150,243
188,105
1,137
141,897
120,37
134,468
12,329
7,338
2,596
145,378
56,489
121,587
54,269
35,27
77,241
52,912
51,181
16,895
115,750
108,745
148,143
82,390
126,858
134,558
79,64
102,292
178,685
165,411
138,374
186,896
91,671
116,458
88,203
102,39
130,934
169,925
31,8
139,838
165,671
113,983
113,737
34,172
30,918
110,901
120,650
78,278
153,617
26,826
148,489
103,88
83,700
165,72
115,908
85,944
42,517
45,743
48,626
139,688
79,655
124,348
128,24
136,144
16,109
127,852
117,983
46,283
54,278
153,958
155,863
47,763
3,382
4,395
121,221
67,202
21,42
54,81
137,106
48,221
11,773
76,989
30,752
30,525
166,867
72,169
97,389
137,377
83,597
180,918
81,455
59,658
99,986
150,63
133,969
107,873
89,817
137,545
78,524
168,756
58,15
60,531
96,960
115,201
175,382
14,889
148,163
197,823
107,17
72,221
189,607
19,421
16,980
138,553
102,37
165,96
31,696
148,76
8,254
153,960
127,668
106,775
190,352
54,157
57,690
153,255
115,508
60,596
197,354
138,200
104,148
200,379
196,422
143,940
73,478
184,401
189,576
83,371
194,178
74,836
20,606
198,704
104,343
65,687
81,205
76,872
138,907
30,247
147,792
29,610
171,590
56,804
6,554
114,641
83,159
159,904
99,119
129,286
85,865
6,257
30,962
25,485
22,187
163,161
92,37
155,503
98,105
183,502
31,586
9,290
144,901
108,208
74,843
67,909
148,414
133,531
115,820
92,651
69,841
39,300
46,92
64,977
4,739
162,163
39,375
156,609
101,73
141,304
21,30
8,935
144,549
12,2
78,77
139,533
137,234
18,493
176,943
16,927
99,436
24,799
16,88
197,834
3,78
170,208
15,850
189,859
77,483
52,913
147,33
10,294
78,449
59,438
60,652
32,917
194,532
187,677
9,995
96,56
86,875
4,156
139,106
26,594
153,831
193,238
141,774
45,891
103,685
59,504
83,831
106,447
71,655
171,8
195,706
154,568
86,868
82,278
58,423
47,665
195,425
151,817
186,142
199,67
68,291
112,342
90,702
178,243
163,945
119,758
77,357
95,702
13,86
110,954
121,392
128,346
80,340
29,113
3,933
156,615
187,360
67,566
78,953
197,996
110,94
121,607
188,419
63,408
60,194
114,757
51,807
13,521
155,173
40,129
15,472
32,749
22,432
183,233
76,765
147,726
92,314
44,453
124,631
91,549
180,147
85,788
172,646
152,755
59,300
27,934
90,71
76,738
200,292
34,869
141,987
8,35
16,301
106,376
58,892
186,734
154,887
112,258
39,152
186,909
23,180
39,832
187,323
87,926
133,953
186,33
44,445
85,638
180,595
170,259
28,950
22,624
121,675
97,89
132,552
122,818
35,508
195,335
21,879
160,345
86,199
14,471
54,697
19,311
81,93
80,118
189,591
193,783
156,878
186,651
156,662
172,565
5,83
88,834
174,105
109,957
46,186
200,801
164,512
147,87
149,316
127,886
69,444
52,869
55,725
53,970
170,850
186,717
184,452
161,107
16,365
194,47
198,912
149,303
78,154
19,324
193,877
148,303
43,508
32,182
134,149
137,815
132,379
183,511
76,134
27,265
187,73
11,422
63,511
23,247
103,821
159,503
179,627
47,756
20,951
182,496
93,381
48,204
196,470
52,617
147,256
78,239
142,886
185,233
142,370
195,946
153,610
156,234
172,398
47,173
125,892
84,820
122,479
147,937
192,726
142,616
99,243
119,534
175,20
136,524
117,396
162,973
192,818
185,410
125,420
1,411
181,344
55,68
144,428
27,111
54,595
120,423
111,611
10,230
22,23
8,762
163,454
20,428
189,581
111,118
64,700
200,974
48,528
160,100
148,507
105,623
69,681
40,296
70,828
169,281
108,459
60,565
189,854
108,691
27,196
4,101
111,730
102,10
157,976
5,921
156,534
166,570
12,782
187,934
118,946
169,962
83,312
21,196
153,327
99,970
64,423
113,131
122,723
128,455
88,237
56,60
80,513
59,954
130,823
7,215
100,908
185,967
47,142
121,872
89,241
154,776
133,830
177,15
23,992
126,210
199,83
104,814
153,1
2,881
14,82
119,443
90,866
55,498
163,886
103,837
197,691
88,12
102,860
109,17
72,932
30,730
199,499
59,757
45,341
112,196
166,740
176,392
113,43
80,501
76,465
24,526
141,823
29,970
143,729
6,184
160,472
67,377
95,896
91,122
105,99
48,946
55,776
84,207
176,402
183,142
44,222
88,764
129,481
159,148
99,375
69,330
151,636
189,947
62,958
193,966
37,154
171,691
28,509
63,308
81,48
176,521
37,984
67,388
175,877
10,428
160,665
94,427
21,283
177,583
44,876
8,850
192,436
120,55
147,911
193,409
90,695
131,689
38,719
88,710
74,368
192,994
85,708
137,74
25,890
61,767
77,365
66,926
198,100
102,421
146,84
134,251
165,323
4,466
191,405
75,316
164,568
51,254
187,938
75,607
187,173
162,62
147,392
150,492
137,685
197,263
128,937
106,489
149,461
151,789
120,192
93,289
170,53
37,592
28,223
115,264
102,601
121,605
196,996
72,679
171,36
163,503
46,349
32,147
109,383
88,584
194,564
149,607
191,221
111,50
43,104
47,299
93,933
47,722
165,331
168,116
158,731
112,867
79,146
108,990
63,955
151,174
172,870
64,396
3,789
194,22
145,701
91,888
135,539
38,147
3,688
25,869
40,575
69,389
10,8
53,992
166,794
10,158
33,890
179,133
32,336
181,785
126,810
36,277
17,38
135,202
164,262
38,783
96,762
81,252
131,703
184,619
76,554
120,255
2,952
173,178
76,241
180,434
142,745
74,985
51,873
78,296
13,514
34,182
179,362
192,863
3,579
197,465
21,5
5,425
104,37
78,269
51,75
45,294
4,160
126,520
30,457
182,968
4,879
185,714
101,720
168,336
85,706
69,118
142,685
94,504
73,114
43,241
50,72
141,340
39,784
76,449
154,656
153,417
195,755
118,110
58,171
9,305
17,341
74,755
4,219
133,949
25,24
119,142
31,324
49,473
137,674
110,705
77,389
18,479
109,551
193,363
60,28
149,773
141,588
25,94
57,174
43,796
82,129
91,499
85,36
182,27
110,123
98,805
111,379
56,11
170,403
106,668
84,728
153,354
7,934
178,739
147,1
85,249
112,466
96,353
140,30
50,841
176,481
8,228
165,290
194,532
192,946
144,341
22,553
59,282
7,360
96,438
98,680
5,283
180,400
1,277
43,249
198,883
60,372
25,443
152,638
49,798
127,808
20,14
25,328
138,672
174,79
58,566
12,20
65,878
142,449
99,386
127,90
123,586
63,408
66,991
64,796
137,453
183,56
123,365
89,943
196,712
131,522
85,14
97,248
170,976
188,152
52,866
19,751
84,826
193,696
109,677
186,999
138,759
107,670
165,220
97,411
98,435
88,446
72,949
108,209
63,712
186,542
111,283
24,562
10,310
87,82
116,900
95,417
62,463
75,825
59,104
58,93
103,496
18,435
173,985
37,647
186,823
29,420
176,737
89,434
178,155
65,213
66,50
70,903
102,85
143,942
126,755
27,569
104,548
44,342
147,986
144,565
170,877
6,127
183,499
112,574
176,982
102,401
126,66
188,587
140,678
112,849
9,293
26,3
18,647
200,303
30,105
172,147
133,416
195,20
4,11
83,200
76,324
48,692
193,3
126,612
166,191
183,860
13,702
31,109
156,974
196,897
54,287
199,524
127,589
145,491
3,702
13,648
47,218
177,921
165,786
7,634
50,969
76,122
185,177
195,500
119,54
8,578
123,164
89,634
171,592
17,888
67,578
152,421
75,961
83,42
4,968
20,951
96,582
53,606
103,684
62,707
71,103
32,418
113,495
3,697
133,967
196,353
28,508
4,315
94,412
57,478
9,379
180,320
35,903
12,669
163,239
39,858
124,429
7,212
179,442
121,530
46,30
177,403
88,43
47,383
110,179
60,685
150,266
131,726
1,862
122,259
128,674
51,63
17,731
93,857
96,607
39,542
145,434
69,828
200,342
18,48
74,331
137,887
186,447
146,169
17,741
192,337
114,903
146,555
184,320
31,226
101,315
117,970
85,870
104,597
25,642
106,504
145,842
125,742
133,476
180,555
191,444
95,559
188,887
10,847
90,172
13,181
192,481
110,738
9,64
79,525
123,419
13,363
67,29
134,549
79,916
84,590
121,326
107,947
20,251
25,28
197,814
167,247
118,476
62,679
18,693
194,535
30,545
194,640
18,174
158,228
60,967
196,733
128,479
174,599
184,590
22,526
148,945
37,631
32,395
77,151
16,228
93,248
147,10
189,283
38,617
28,245
135,837
120,957
54,41
189,656
106,820
140,162
182,544
25,66
176,446
67,423
172,259
153,276
42,125
197,832
74,221
192,795
197,724
44,199
77,209
14,396
86,65
84,400
190,346
67,456
37,751
158,686
109,304
142,602
34,874
51,286
81,817
198,757
60,997
27,778
27,245
175,163
125,684
56,898
104,473
9,926
199,465
51,359
58,512
14,221
158,484
16,36
77,288
154,875
74,808
97,714
39,697
53,538
136,537
165,354
144,501
153,348
196,564
193,434
129,898
129,239
2,900
76,323
108,314
122,919
124,44
165,793
140,515
197,233
130,869
99,569
118,572
132,610
75,373
195,791
100,50
29,313
159,459
35,784
127,376
145,984
79,413
188,980
46,719
122,992
154,661
164,706
71,467
77,727
163,198
157,883
68,30
105,497
93,628
138,705
69,802
149,270
149,59
194,778
72,245
110,161
63,740
110,665
71,267
6,713
77,308
104,711
191,302
193,617
39,249
14,458
147,56
86,747
161,672
67,483
39,374
192,768
69,455
182,570
138,783
63,772
42,373
183,325
20,89
197,310
197,237
57,781
172,49
199,405
53,132
155,735
199,511
66,986
150,989
144,405
164,449
84,647
62,771
99,616
161,578
160,573
90,69
5,295
12,457
159,586
148,796
78,275
185,667
74,185
153,954
110,231
179,169
88,793
48,46
58,37
132,219
160,983
59,287
120,808
184,977
114,136
144,762
47,507
187,991
20,676
81,106
177,514
123,184
140,318
117,597
140,850
130,316
198,146
23,629
118,971
6,705
3,778
26,157
36,402
29,974
68,706
89,458
86,67
126,760
128,457
83,518
151,871
86,389
41,165
179,237
10,965
110,721
174,811
120,356
16,191
132,252
59,849
39,612
84,222
142,584
32,543
186,78
139,504
144,18
156,887
1,168
100,51
56,91
140,41
159,860
22,249
192,482
178,615
150,628
105,19
129,507
185,131
64,732
2,477
106,860
38,38
110,280
90,96
148,687
116,543
94,33
119,562
24,696
148,573
60,992
142,551
155,445
86,167
134,803
2,370
104,191
92,378
86,357
119,333
98,66
162,402
191,320
195,613
30,146
45,389
134,764
51,441
15,81
163,749
188,269
56,133
158,706
51,688
138,733
200,608
77,649
187,373
142,807
10,499
127,688
190,796
158,939
78,168
133,757
24,932
140,418
110,975
162,278
120,630
189,168
185,595
81,360
153,56
17,95
100,156
136,880
175,573
179,436
198,663
197,83
27,130
61,766
180,758
198,692
137,306
130,471
113,340
56,991
50,855
51,440
174,336
41,660
74,833
128,495
198,587
85,772
117,775
93,664
185,412
41,636
24,914
156,11
195,951
164,615
43,352
72,623
95,295
76,865
38,294
7,717
80,717
55,565
94,119
33,490
158,866
120,323
63,930
44,911
168,479
161,97
12,722
122,35
156,363
5,761
35,896
19,435
108,318
197,556
78,321
34,454
86,898
164,42
138,13
91,798
53,814
82,361
129,701
130,805
122,668
87,516
87,328
78,763
132,650
187,861
6,107
76,365
106,709
153,991
93,536
197,877
24,515
194,54
140,920
46,930
41,724
10,228
47,968
150,608
53,794
45,786
139,808
167,513
4,219
121,807
9,400
145,543
71,409
189,688
36,835
4,904
172,299
182,853
67,220
2,734
117,410
188,592
24,755
148,955
84,409
3,195
21,223
101,857
170,216
185,111
151,703
13,898
162,411
168,561
59,349
132,840
108,298
47,597
200,304
112,728
168,381
64,802
181,243
61,900
60,537
174,855
27,724
9,825
153,253
46,313
88,611
71,371
3,691
117,355
35,909
79,710
9,821
162,45
188,37
33,824
76,707
94,602
176,166
182,163
44,389
102,367
186,80
175,398
88,806
89,508
23,217
14,853
74,955
23,49
39,718
186,458
171,129
147,25
157,799
190,263
183,633
69,235
174,673
160,715
113,452
1,675
161,960
7,183
170,522
88,664
190,170
106,294
51,722
63,459
97,895
119,30
166,314
121,386
181,495
118,744
178,113
99,48
179,828
82,802
182,500
129,475
123,203
79,476
142,70
67,85
100,316
137,188
119,134
71,99
36,54
183,783
112,686
155,190
114,589
192,8
98,242
131,144
67,945
159,812
193,397
58,383
67,97
86,840
149,219
160,108
66,487
96,667
172,265
151,322
122,757
173,865
50,796
46,194
165,129
193,348
35,142
30,876
61,207
150,983
96,738
68,428
187,286
55,990
153,682
171,339
3,303
126,710
42,609
54,375
171,688
79,215
105,634
133,475
48,395
36,424
170,717
184,615
83,530
95,915
166,568
123,688
161,932
189,401
197,460
67,872
193,263
62,444
110,498
143,250
82,882
111,1
68,368
61,739
147,699
141,967
181,404
137,176
6,607
198,939
48,97
3,931
60,118
174,560
64,862
12,949
174,23
169,666
119,47
163,351
43,165
154,450
154,822
63,303
178,739
141,760
9,11
37,107
119,600
12,158
173,871
53,83
135,648
123,26
6,942
164,927
182,119
131,86
64,585
74,491
195,227
48,12
132,90
58,351
66,346
110,359
132,777
75,179
139,249
181,192
138,248
195,627
62,495
72,899
122,861
167,869
188,470
22,205
54,237
59,747
110,66
185,831
18,579
75,525
181,571
71,405
180,299
131,57
111,451
20,227
192,252
198,229
31,827
175,515
167,707
178,307
120,86
80,888
100,735
44,156
77,386
46,239
169,41
188,820
117,513
69,325
198,464
173,862
185,744
78,555
153,788
71,239
15,236
192,936
64,952
94,261
165,888
58,918
25,376
73,577
26,609
103,457
79,574
77,14
21,77
193,369
1,613
96,861
52,892
46,88
192,945
98,937
116,561
164,587
120,209
89,779
88,604
194,623
103,998
133,357
198,577
118,224
165,922
95,910
88,781
128,619
122,796
75,842
50,564
19,634
48,797
66,182
84,404
112,207
123,282
84,333
115,409
106,617
136,687
73,120
173,576
114,491
22,76
42,474
13,145
186,463
149,674
107,190
63,825
200,908
169,99
45,896
83,723
26,815
77,4
81,469
25,616
40,376
91,815
30,335
178,84
15,16
99,414
193,49
163,53
8,667
82,675
81,902
3,535
32,965
88,763
137,247
190,884
144,299
73,68
104,151
91,412
101,59
49,145
187,893
66,727
20,526
90,38
25,658
85,998
107,446
88,995
164,481
69,245
188,275
34,707
158,25
145,881
129,776
129,146
16,8
148,539
177,803
80,463
12,32
164,502
184,850
152,903
146,974
103,424
54,46
200,228
169,21
141,73
100,570
166,851
146,398
146,802
70,19
185,391
105,103
172,462
11,206
151,900
187,675
106,158
182,423
173,222
65,984
99,217
27,407
66,331
174,818
23,859
99,890
178,817
46,555
187,737
181,30
15,493
91,65
155,122
146,261
49,143
34,869
171,21
69,357
124,452
77,897
190,786
115,61
115,570
164,284
6,710
12,513
59,78
185,867
133,59
104,254
137,436
44,624
175,453
22,575
88,679
30,358
88,409
89,718
32,262
166,778
153,122
115,877
168,718
199,282
17,937
122,545
157,976
157,627
185,299
194,790
137,95
35,521
193,792
109,362
4,271
163,456
66,721
34,783
135,685
8,324
6,192
36,74
60,258
11,791
173,765
126,437
97,960
6,301
178,631
168,599
50,313
142,44
154,660
51,876
172,913
178,479
9,897
102,929
43,183
186,388
146,583
33,286
54,653
112,484
4,260
167,668
1,996
139,912
31,346
165,523
52,852
80,458
191,622
178,907
132,214
170,406
193,97
165,770
49,428
88,974
160,843
24,159
194,443
97,685
137,340
96,210
25,946
57,911
117,360
151,415
67,17
32,114
189,380
143,867
14,400
3,72
58,369
47,584
89,297
70,344
178,322
169,642
61,526
52,489
153,640
46,746
39,454
199,366
10,647
102,530
195,898
99,241
171,694
70,484
168,973
82,272
49,388
27,282
117,952
25,753
88,820
181,385
109,224
118,306
25,155
95,413
179,940
111,358
36,834
104,743
130,670
64,753
177,229
182,163
60,933
172,153
24,337
116,628
175,870
192,341
80,372
135,585
147,671
84,738
182,377
189,733
109,388
159,868
198,356
123,893
116,562
109,297
106,246
106,143
46,776
19,543
184,739
62,678
125,105
192,604
155,989
1,663
2,869
179,350
111,772
73,392
28,860
89,288
195,507
185,395
62,982
103,789
56,176
131,958
128,464
20,946
7,41
32,935
154,81
85,277
7,971
152,458
80,174
123,386
112,265
94,253
96,246
184,399
167,852
38,141
87,100
51,274
191,658
168,62
168,456
104,205
50,145
45,694
183,334
122,761
33,128
55,900
32,501
48,528
193,22
186,723
18,897
179,637
104,84
12,51
168,52
93,1
93,396
157,843
81,836
57,214
125,706
133,888
186,571
150,440
23,123
108,24
81,442
46,454
109,384
190,589
90,804
117,900
177,617
95,228
187,369
36,113
5,339
176,146
179,413
179,604
140,918
61,842
178,229
159,937
160,506
192,229
41,799
46,379
3,499
95,306
33,232
72,240
166,299
143,901
2,661
29,430
185,966
36,605
14,839
171,341
131,639
144,431
157,7
32,280
125,687
53,379
4,465
107,766
91,213
115,569
1,20
119,505
175,974
7,704
125,233
130,778
160,37
71,255
186,547
186,211
172,403
63,553
142,679
150,872
153,183
13,903
104,143
117,471
54,808
5,63
152,450
75,890
98,998
45,255
191,397
101,898
130,657
13,334
151,656
77,512
51,131
31,842
55,742
192,595
28,338
118,346
36,393
93,553
51,665
171,15
100,325
147,457
100,397
138,864
86,683
74,865
127,362
110,270
15,40
40,436
28,257
45,786
27,808
189,24
68,680
88,423
163,754
56,131
116,555
74,186
94,389
28,254
31,686
7,379
71,802
1,338
83,314
128,5
11,586
111,431
178,515
70,860
25,313
20,794
169,708
47,28
198,614
99,268
112,299
2,848
24,361
109,719
42,825
71,249
80,147
40,830
165,987
70,500
36,640
109,530
58,127
15,739
26,97
2,610
35,586
7,627
183,125
120,450
195,682
36,72
55,659
19,554
56,872
28,579
54,615
94,414
162,633
137,524
183,877
25,703
80,449
128,645
15,322
93,382
95,868
163,400
142,189
7,61
40,619
156,334
47,19
25,137
33,864
17,426
51,257
64,648
86,284
186,151
150,129
30,26
42,44
137,818
41,140
50,543
4,450
185,218
33,162
32,827
19,309
48,905
172,941
94,20
174,336
79,283
187,849
108,549
17,103
42,790
77,486
110,808
96,195
34,246
28,538
132,344
1,585
129,810
137,808
110,405
167,778
115,545
34,79
86,600
62,853
83,261
135,352
116,215
182,822
68,993
45,849
1,998
49,354
138,826
145,23
10,279
93,717
157,610
42,969
78,264
16,610
117,258
75,479
177,994
108,509
66,110
173,261
169,901
37,166
148,221
65,446
185,240
61,157
194,505
36,364
48,419
57,693
100,928
153,254
100,589
164,594
7,773
22,94
51,886
49,601
124,335
95,630
42,460
37,338
103,891
168,180
121,122
129,704
148,985
185,720
136,286
86,934
147,973
173,803
187,228
88,870
68,687
28,809
118,737
93,99
19,736
190,504
94,587
158,779
10,693
34,111
199,284
170,362
96,84
69,533
30,87
140,577
167,955
2,475
137,874
33,869
112,254
156,972
3,538
114,306
197,643
66,209
167,312
153,697
15,619
175,131
92,278
53,508
115,415
68,753
78,125
8,847
125,332
166,541
141,926
41,58
168,284
132,858
169,99
194,581
127,974
94,900
11,66
46,689
89,731
128,861
51,543
188,233
118,778
112,317
109,669
130,294
184,253
128,202
93,976
177,249
173,27
71,212
98,210
64,519
157,143
113,938
175,434
133,3
40,861
149,368
194,65
42,88
146,914
27,920
153,440
136,228
91,906
161,749
136,955
85,959
29,663
109,593
121,54
114,675
88,172
118,15
148,664
77,388
172,879
26,528
102,662
152,383
195,182
48,990
88,598
116,404
185,524
167,118
56,564
13,721
168,241
143,432
178,546
147,347
180,313
113,262
172,335
37,945
149,750
188,177
163,64
85,109
45,675
130,825
24,102
76,291
187,7
195,886
194,882
83,360
199,767
129,162
90,839
103,713
86,90
84,429
41,886
182,775
124,468
197,682
39,304
37,478
103,103
176,909
40,994
178,851
197,318
102,240
176,392
117,406
169,411
41,830
69,869
168,119
51,921
34,701
194,141
38,744
29,833
165,851
49,483
200,521
161,419
29,928
54,344
192,10
130,13
140,320
198,182
100,363
164,564
78,348
155,263
165,251
188,889
41,786
23,110
7,414
123,120
165,175
17,665
61,457
6,203
53,696
83,513
47,768
126,740
2,923
80,626
64,457
167,493
113,728
70,735
29,770
39,8
70,47
90,716
177,405
165,282
40,454
33,553
124,355
68,410
69,237
155,596
196,573
88,662
105,194
96,295
42,856
67,170
90,858
107,790
25,473
180,855
91,814
199,708
140,392
77,147
62,887
72,395
151,605
118,666
93,158
177,367
143,584
176,204
15,839
91,608
191,854
177,277
76,979
160,119
49,532
83,101
54,84
117,705
11,356
42,123
186,931
119,235
176,31
174,255
60,623
18,724
175,768
142,890
89,149
186,848
170,343
172,760
37,821
196,216
104,373
46,821
21,27
74,643
74,118
150,621
153,22
112,307
182,16
71,832
192,89
24,157
23,721
114,370
175,787
12,232
96,525
140,687
61,207
134,571
13,5
58,694
66,848
24,386
118,237
6,223
55,60
156,504
174,994
58,320
28,432
199,808
123,211
87,451
100,81
149,841
162,676
97,322
75,300
68,269
8,673
143,520
142,647
72,69
108,867
188,787
151,776
189,285
185,637
92,168
136,687
48,972
105,434
172,36
38,586
66,400
65,969
125,979
52,287
11,695
27,522
163,172
81,378
125,661
106,232
43,442
106,65
97,464
143,912
46,891
172,990
128,645
179,72
191,50
133,70
20,32
176,895
63,389
168,968
15,744
31,748
62,527
8,102
123,160
122,393
69,483
87,800
98,940
192,853
106,792
140,655
188,295
96,24
196,54
40,134
23,258
16,553
33,526
23,177
89,201
154,672
149,978
200,145
10,598
48,867
16,566
102,576
31,434
33,459
93,609
38,564
137,351
64,566
27,601
4,498
198,75
137,110
64,361
141,333
118,898
155,373
159,399
110,920
25,163
119,985
67,929
60,625
134,619
106,300
104,600
180,867
62,356
17,965
157,469
168,822
108,189
170,924
67,893
181,774
12,478
20,755
91,149
180,763
12,875
31,932
118,700
58,941
74,112
188,846
145,545
178,120
199,108
149,373
71,180
136,839
95,398
155,751
115,250
67,922
78,47
99,427
61,696
200,387
110,591
124,775
158,608
170,624
166,594
36,570
89,191
73,36
61,384
45,144
185,431
109,353
196,108
34,486
70,290
155,930
130,94
65,209
48,154
66,447
112,365
18,691
136,810
19,953
145,948
160,841
3,627
165,83
136,240
30,733
111,772
75,605
194,941
57,584
29,629
119,785
123,345
62,851
29,671
27,194
117,212
117,846
8,106
10,640
12,327
150,578
124,425
138,369
127,245
168,753
190,307
129,974
137,105
155,752
26,65
41,590
122,873
111,954
22,808
30,936
102,193
26,97
80,511
178,150
77,443
112,320
163,791
131,653
71,778
185,263
103,1
31,926
33,237
36,592
180,509
110,761
25,148
121,68
101,17
154,343
89,91
111,588
25,68
178,120
5,938
130,515
189,978
156,498
85,267
153,754
71,870
87,393
172,566
74,435
101,347
30,60
32,76
146,484
118,259
149,922
170,445
165,901
123,120
135,35
101,976
185,707
42,309
13,524
30,630
63,603
64,3
120,58
147,945
1,790
59,885
90,361
119,5
65,62
87,763
148,811
197,634
67,675
91,668
146,209
26,346
62,876
122,462
45,196
100,837
62,833
97,478
1,45
109,442
137,126
164,695
174,713
69,41
101,427
152,835
115,96
15,965
157,856
79,737
180,431
79,514
46,778
95,97
31,740
28,505
172,426
63,842
138,772
177,396
63,356
188,351
136,598
176,502
127,35
62,467
33,751
138,541
37,593
7,678
200,455
102,649
30,291
154,876
136,505
199,469
59,759
98,498
125,596
63,276
157,106
26,355
197,518
173,297
106,290
121,107
140,482
87,387
33,524
196,725
96,745
152,434
152,427
114,619
184,887
190,458
193,376
25,970
2,110
44,224
79,825
25,682
106,475
29,134
28,828
151,136
148,123
153,104
64,935
118,111
13,872
108,618
3,135
63,138
163,330
122,175
198,778
43,114
41,770
171,934
48,232
91,666
102,695
178,655
110,765
62,551
158,574
93,420
103,441
56,350
184,391
186,223
4,765
141,426
129,674
121,519
117,420
51,152
200,747
77,468
82,170
112,521
50,531
142,942
188,216
180,189
115,706
137,583
81,980
138,543
111,369
121,938
59,580
92,560
104,865
148,622
101,229
161,569
193,950
37,672
87,773
154,883
179,614
101,696
173,957
55,624
81,62
150,730
120,207
29,969
35,475
111,654
99,771
71,2
102,161
145,474
173,62
137,211
7,491
40,455
157,209
110,754
160,412
26,976
57,235
172,612
13,406
146,955
175,62
86,386
63,66
19,796
83,612
113,395
33,335
44,275
105,556
160,862
76,396
51,85
67,88
49,62
23,786
11,543
15,247
67,525
138,346
176,446
100,826
156,196
77,375
146,378
20,406
84,628
153,924
53,937
134,72
23,541
193,460
156,651
145,482
120,693
58,137
24,837
145,787
15,265
151,18
1,597
200,737
39,62
128,588
16,197
183,664
171,753
94,884
22,860
189,839
162,657
7,456
148,27
26,745
49,622
80,325
14,296
148,350
128,954
148,910
193,265
58,283
161,811
160,361
10,660
28,230
96,776
11,768
189,742
172,203
147,887
56,324
31,138
168,91
152,312
16,447
48,523
60,768
164,234
193,141
67,576
70,768
200,749
104,116
165,44
71,311
105,750
183,911
115,390
30,537
172,568
184,446
91,805
106,302
187,371
59,594
61,591
125,262
48,519
5,863
156,683
91,598
88,631
19,761
115,473
118,506
184,349
56,648
83,285
42,518
111,452
54,810
25,213
111,385
19,733
128,412
156,61
29,672
68,416
63,194
44,191
175,576
35,565
140,80
108,77
122,314
94,685
200,416
73,173
112,354
47,15
193,518
47,861
34,332
162,247
151,100
155,705
137,851
82,151
196,893
189,71
19,118
115,8
19,982
191,718
71,34
110,442
1,256
27,646
103,852
156,595
29,656
139,524
32,310
97,418
111,861
135,253
82,897
71,42
43,414
62,118
97,899
8,454
93,992
77,735
185,734
31,900
106,777
168,160
57,899
194,575
63,590
116,576
100,778
118,280
186,213
43,859
173,403
20,833
3,103
172,700
93,529
164,225
53,743
80,651
47,943
