25000
7,71
169,637
197,846
72,343
16,264
17,367
127,292
45,724
159,526
185,227
35,533
99,602
183,973
117,761
44,368
165,263
7,73
28,289
4,420
144,981
106,103
19,210
153,592
150,363
133,275
195,570
150,493
16,321
182,632
75,196
136,880
198,173
198,917
23,925
23,522
118,910
23,731
134,215
59,74
11,67
80,230
180,548
24,231
178,238
21,431
23,528
8,596
17,581
87,937
17,943
145,226
59,485
18,589
74,720
18,415
169,140
89,807
197,769
136,46
82,824
125,443
80,428
8,146
34,600
84,291
19,304
60,433
69,528
120,276
69,116
197,824
63,873
83,192
158,117
132,582
77,894
120,510
2,519
120,168
115,262
196,435
13,56
179,844
47,40
125,458
8,74
185,590
33,323
62,443
100,99
5,213
198,158
159,92
70,742
26,506
23,279
190,596
57,654
143,344
70,449
108,136
94,93
158,269
107,912
193,736
150,530
192,593
9,207
19,838
174,186
31,904
186,975
142,448
35,665
33,870
131,969
30,81
10,764
68,744
90,410
115,457
80,291
156,345
55,742
183,980
63,825
2,11
123,594
28,356
183,16
75,705
175,697
53,741
42,650
143,388
102,705
28,546
94,254
161,406
166,13
33,959
13,835
21,269
35,715
1,710
198,181
164,64
74,887
136,997
112,269
3,673
117,854
80,491
67,139
29,916
152,826
4,626
2,306
164,461
66,18
198,265
125,471
12,398
81,355
161,707
23,97
53,866
103,936
184,125
122,335
65,338
15,35
119,243
168,533
105,891
128,667
14,398
151,877
137,596
114,672
89,877
96,794
150,209
34,318
64,397
49,461
19,491
65,984
24,587
24,634
165,492
18,389
1,244
75,92
143,655
160,308
164,338
174,689
123,343
156,256
56,246
127,913
150,977
145,523
184,192
98,499
113,980
8,643
91,263
58,658
63,165
104,768
189,704
58,2
151,305
134,423
64,580
48,454
94,319
32,559
158,145
117,636
39,7
144,292
179,397
83,499
158,192
101,192
41,928
39,267
171,769
91,898
171,399
176,989
190,605
106,437
41,963
157,83
142,68
116,563
146,30
90,243
194,382
75,486
13,575
180,427
47,58
43,142
64,516
55,119
18,594
186,132
170,81
31,500
182,996
181,875
150,84
98,498
96,423
83,480
1,815
86,227
65,195
64,991
57,171
191,602
11,226
138,280
46,248
175,852
127,561
66,383
180,130
41,671
76,217
49,823
90,264
120,152
126,855
87,734
23,809
48,471
79,903
14,993
166,361
10,128
57,311
59,927
149,303
20,594
138,156
131,789
75,231
15,451
71,277
69,53
139,573
50,100
98,826
97,937
123,137
130,918
91,136
19,289
76,339
142,179
51,346
57,690
122,342
66,886
41,114
112,852
24,180
54,484
180,284
13,840
122,141
64,399
111,88
136,362
108,963
70,552
155,719
97,846
62,213
199,32
171,865
159,152
86,294
132,65
100,13
194,793
11,691
11,713
99,620
189,327
160,968
40,54
167,358
135,561
72,613
60,252
184,339
182,164
24,444
28,567
7,663
107,868
32,102
47,48
200,203
30,631
88,512
46,772
163,574
134,183
28,787
84,901
186,425
37,679
13,57
54,577
55,636
57,966
173,198
69,996
40,416
27,425
111,699
127,565
37,483
96,529
80,414
190,839
38,133
193,380
3,453
185,532
23,928
136,224
32,373
161,942
171,488
106,722
17,768
188,545
110,490
89,438
87,461
192,756
105,206
164,417
160,958
29,886
176,868
116,260
55,577
101,203
62,880
71,685
56,752
135,780
101,483
95,392
176,606
135,19
165,140
75,374
136,118
161,868
192,527
190,646
77,101
23,558
162,432
110,985
1,560
109,302
190,884
109,94
71,768
171,764
12,147
117,850
128,769
115,843
122,237
56,199
31,516
61,19
110,783
11,88
34,298
31,663
197,150
43,396
8,378
68,194
29,658
80,118
173,664
33,650
65,211
47,588
78,207
129,606
174,355
48,250
169,2
97,668
101,466
96,316
60,814
142,995
1,803
171,75
160,479
61,910
157,377
73,101
134,202
162,618
21,388
66,228
95,651
180,199
135,839
96,659
49,652
72,401
52,611
108,130
44,793
75,727
143,1
48,655
103,70
50,924
6,808
52,391
11,299
82,642
93,296
194,224
169,207
128,86
109,138
193,298
142,175
149,946
27,80
89,419
47,278
178,987
131,962
190,886
127,997
165,724
152,132
147,302
